chr	start	end	length	rec	bgs
chr1	2776125	2806106	29981	0.950194456489	2867.0
chr1	2847488	2848035	547	0.969	0.0
chr1	2848568	2850602	2034	0.969	157.0
chr1	2851167	2855221	4054	0.968408238777	901.0
chr1	2855355	2857025	1670	0.968	131.0
chr1	2857159	2859003	1844	0.967151843818	1062.0
chr1	2859160	2866089	6929	0.962316207245	1622.0
chr1	2866629	2876558	9929	0.968809648504	6212.0
chr1	2876831	2877310	479	0.97	0.0
chr1	2877476	2891254	13778	0.977024531862	2745.0
chr1	2891343	2892793	1450	0.981	182.0
chr1	2894919	2901454	6535	0.980400306044	1219.0
chr1	2902060	2911317	9257	0.97695549314	4853.0
chr1	2912034	2922640	10606	0.975	6167.0
chr1	2923304	2932958	9654	0.973507458048	4544.0
chr1	2933116	2934050	934	0.975	189.0
chr1	2934588	2937218	2630	0.975	30.0
chr1	2939467	2942134	2667	0.975	1482.0
chr1	2943124	2945614	2490	0.975	0.0
chr1	2946064	2949643	3579	0.975	0.0
chr1	2950398	2974136	23738	0.974892872188	12865.0
chr1	2974499	2975856	1357	0.969017686072	1072.0
chr1	3833879	3834204	325	0.976	304.0
chr1	3834624	3845268	10644	0.980993047726	5019.0
chr1	3995268	4000624	5356	-1.0	3980.0
chr1	4015322	4036199	20877	0.989764669253	11884.0
chr1	4056992	4058263	1271	0.994	912.0
chr1	4058915	4059826	911	0.994	308.0
chr1	4059953	4067763	7810	0.994	2990.0
chr1	4068582	4071161	2579	0.994	1099.0
chr1	4071924	4082175	10251	0.994	6395.0
chr1	4082542	4086626	4084	0.994	1934.0
chr1	4087175	4088046	871	0.994	0.0
chr1	4089069	4092033	2964	0.994	2561.0
chr1	4092225	4103258	11033	0.994	10180.0
chr1	4105283	4123842	18559	0.994	6193.0
chr1	4127968	4128187	219	0.993	0.0
chr1	4128670	4136992	8322	0.989660658496	2802.0
chr1	4138968	4148143	9175	0.992634768392	4415.0
chr1	4148566	4154508	5942	0.994	1631.0
chr1	4156134	4194068	37934	0.993094558971	17007.0
chr1	4204620	4216068	11448	0.988521925227	3897.0
chr1	4235959	4280903	44944	0.994	33417.0
chr1	4286005	4304402	18397	0.993416263521	14091.0
chr1	4304924	4389536	84612	0.991621070297	46538.0
chr1	4484747	4574514	89767	0.993757650361	41539.0
chr1	4575055	4596029	20974	0.989889291504	7415.0
chr1	4604366	4611794	7428	0.987173801831	657.0
chr1	4612205	4617629	5424	0.990383112094	2466.0
chr1	4621416	4631546	10130	0.992268213228	4006.0
chr1	4654071	4656306	2235	0.994	261.0
chr1	4657453	4676498	19045	0.994	5378.0
chr1	4676644	4687236	10592	0.994	5906.0
chr1	4698049	4709030	10981	0.993870867863	5572.0
chr1	4709783	4710945	1162	0.992469018933	0.0
chr1	4852593	4857511	4918	0.9692549817	1177.0
chr1	4857853	4898297	40444	0.975804865988	25791.0
chr1	4898770	4901446	2676	0.982	2517.0
chr1	4901648	4939097	37449	0.979670271569	24906.0
chr1	4957282	5017596	60314	0.98342479358	24757.0
chr1	5020256	5024018	3762	0.987074162679	504.0
chr1	5076038	5109971	33933	0.988111189697	19578.0
chr1	5109987	5127269	17282	0.992949253559	16506.0
chr1	5179914	5195343	15429	0.98608062739	8148.0
chr1	5248164	5251008	2844	0.968466244726	1146.0
chr1	5251014	5251397	383	0.967248041775	35.0
chr1	5252051	5282033	29982	0.984419918618	15933.0
chr1	5553810	5583059	29249	0.985593216862	10603.0
chr1	5590263	5621768	31505	0.986419742898	25959.0
chr1	5773753	5784786	11033	0.969579352851	5606.0
chr1	5785325	5786375	1050	0.97	143.0
chr1	14211160	14222224	11064	0.958903561099	5395.0
chr1	14222660	14239180	16520	0.966352723971	5545.0
chr1	14239579	14240554	975	0.97	255.0
chr1	14249370	14284459	35089	0.967860697085	20997.0
chr1	14286464	14288186	1722	0.97443844367	562.0
chr1	14372400	14373157	757	0.954537648613	0.0
chr1	14373549	14381653	8104	0.967500740375	4927.0
chr1	14382527	14386535	4008	0.972744261477	2439.0
chr1	14409585	14432982	23397	0.971317134675	14246.0
chr1	14445471	14451193	5722	0.978513107305	2103.0
chr1	14451694	14453818	2124	0.976018832392	1352.0
chr1	14454344	14461797	7453	0.973204749765	3107.0
chr1	14462332	14462569	237	0.977	101.0
chr1	14462979	14464602	1623	0.976597042514	519.0
chr1	14466449	14476981	10532	0.977926509685	5823.0
chr1	14477398	14506929	29531	0.978424740104	20706.0
chr1	14506986	14513691	6705	0.971753169277	345.0
chr1	14514053	14515680	1627	0.95185064536	375.0
chr1	14568485	14569868	1383	0.976209689082	96.0
chr1	14570273	14576513	6240	0.975157692308	4043.0
chr1	14577469	14579427	1958	0.978515832482	665.0
chr1	14581371	14583526	2155	0.975298839907	1053.0
chr1	14583671	14584902	1231	0.97192282697	1019.0
chr1	14606894	14620006	13112	0.970666793777	8414.0
chr1	14620428	14621815	1387	0.977717375631	565.0
chr1	14677520	14679199	1679	0.981	733.0
chr1	14746469	14750757	4288	0.973687033582	2205.0
chr1	14764569	14778679	14110	0.959554925585	6790.0
chr1	14779181	14780782	1601	0.963622111181	761.0
chr1	14781012	14781665	653	0.965	354.0
chr1	14781906	14800493	18587	0.966651207833	10149.0
chr1	14835162	14835920	758	0.952565963061	231.0
chr1	14836625	14862294	25669	0.966222836885	10523.0
chr1	14876526	14916295	39769	0.975565616435	19241.0
chr1	18153558	18169559	16001	0.958266858321	7984.0
chr1	18169969	18244720	74751	0.968952174553	41654.0
chr1	18245172	18276070	30898	0.969844520681	17207.0
chr1	18859594	18884310	24716	0.951642256028	13208.0
chr1	30320016	30322660	2644	0.957222390318	1994.0
chr1	30393724	30416989	23265	0.958	12251.0
chr1	30417683	30420264	2581	0.958	1020.0
chr1	30457463	30486127	28664	0.957567855149	16147.0
chr1	30530321	30531927	1606	0.958	717.0
chr1	30532743	30552793	20050	0.957297855362	11447.0
chr1	30614454	30670358	55904	0.958	32804.0
chr1	30670684	30688668	17984	0.958	14542.0
chr1	56788570	56796763	8193	0.95679482485	5320.0
chr1	56797187	56799127	1940	0.955870618557	874.0
chr1	56847891	56852511	4620	0.952787229437	2288.0
chr1	56891561	56896953	5392	0.952043397626	3633.0
chr1	59558592	59597607	39015	0.953292656671	25030.0
chr1	61360287	61367912	7625	0.961907540984	2372.0
chr1	61368037	61369567	1530	0.963456862745	317.0
chr1	61375912	61378402	2490	0.960323293173	1368.0
chr1	62083960	62084337	377	0.950129973475	0.0
chr1	82877746	82892494	14748	0.953735964199	3365.0
chr1	104963958	104999673	35715	0.963758252835	21985.0
chr1	105079986	105138649	58663	0.952057889982	44062.0
chr1	105138650	105181480	42830	0.969136726594	32288.0
chr1	105181996	105192917	10921	0.968360131856	4982.0
chr1	105219463	105231110	11647	0.973819867777	4444.0
chr1	105256365	105300264	43899	0.964450830315	27329.0
chr1	105399485	105427424	27939	0.974805862772	16444.0
chr1	105668456	105726404	57948	0.972676658383	38303.0
chr1	106961742	106969623	7881	0.958850780358	7802.0
chr1	106969835	106973895	4060	0.964193103448	2900.0
chr1	106973896	106978401	4505	0.960825971143	2690.0
chr1	163813982	163846684	32702	0.963464711638	15390.0
chr1	164215921	164237601	21680	0.951020110701	10819.0
chr1	164322425	164325905	3480	0.959703735632	3456.0
chr1	164327464	164378871	51407	0.968694127259	32464.0
chr1	164380253	164380955	702	0.979	702.0
chr1	164388591	164389544	953	0.976501573977	789.0
chr1	164390413	164408872	18459	0.975829622406	9269.0
chr1	164409822	164457211	47389	0.981691848319	30899.0
chr1	164457479	164480247	22768	0.98040218728	15895.0
chr1	164963574	165013357	49783	0.950330494345	31607.0
chr1	165014549	165089843	75294	0.955644061944	42961.0
chr1	168599062	168646155	47093	0.951494256047	22129.0
chr1	188680011	188704025	24014	0.96869950862	13717.0
chr1	188704726	188735335	30609	0.96510323761	21536.0
chr1	189819487	189835519	16032	0.954743388224	11297.0
chr1	194105535	194118602	13067	0.956828269687	5902.0
chr1	194352221	194377015	24794	0.954844841494	13210.0
chr1	195043495	195052601	9106	0.956	2300.0
chr1	195145919	195157502	11583	0.955758266425	8557.0
chr1	208543506	208572298	28792	0.959915879411	12560.0
chr1	208572708	208681384	108676	0.965248997019	52420.0
chr1	208681484	208691493	10009	0.964429413528	5319.0
chr1	208691494	208749365	57871	0.971927251991	22240.0
chr1	208749479	208769226	19747	0.964233959589	7464.0
chr1	208769603	208774131	4528	0.969670715548	1277.0
chr1	208818093	208844424	26331	0.969791804337	8535.0
chr1	208844991	208854317	9326	0.964544928158	4337.0
chr1	208854759	208870262	15503	0.979232084113	8687.0
chr1	208870268	208870610	342	0.981	342.0
chr1	209041959	209083665	41706	0.966719896418	21033.0
chr1	209084332	209121676	37344	0.964181823051	13428.0
chr1	209189438	209253325	63887	0.9712902938	34687.0
chr1	209283455	209287296	3841	0.960680031242	1429.0
chr1	209287808	209292399	4591	0.966427140057	2794.0
chr1	213652148	213659760	7612	0.950414477141	5531.0
chr1	217324654	217354154	29500	0.951566677966	14238.0
chr1	218339348	218339783	435	0.951786206897	0.0
chr1	219091853	219092219	366	0.956	209.0
chr1	219092947	219097801	4854	0.954002472188	3013.0
chr1	232199084	232252286	53202	0.952078342919	32035.0
chr1	232326361	232398734	72373	0.956906208116	42477.0
chr1	232428604	232433797	5193	0.953830541113	3040.0
chr1	232433860	232436315	2455	0.952	1122.0
chr1	233584527	233663439	78912	0.95073843015	50678.0
chr1	233663798	233748777	84979	0.969883406489	53288.0
chr1	233952555	233961675	9120	0.958	7476.0
chr1	233972162	234004406	32244	0.957585318199	20114.0
chr1	234014395	234023884	9489	0.950284434608	4678.0
chr1	234024250	234037100	12850	0.950553151751	10244.0
chr1	234638315	234659414	21099	0.950275889853	10503.0
chr1	234770526	234780411	9885	0.951321396055	4506.0
chr1	235242211	235252093	9882	-1.0	5544.0
chr1	237167746	237171086	3340	0.952	1150.0
chr1	237171216	237194614	23398	0.958985041457	17673.0
chr1	237195355	237196381	1026	0.964	396.0
chr1	237196443	237205701	9258	0.964	2942.0
chr1	238807304	238835943	28639	0.988	15181.0
chr1	238836450	238851883	15433	0.988	10776.0
chr1	238856357	238918178	61821	0.988	43043.0
chr1	239106940	239173762	66822	0.983887821376	30544.0
chr1	239174108	239212540	38432	0.985720024979	20093.0
chr1	239213369	239215856	2487	0.987	872.0
chr1	239251622	239366606	114984	0.987445105406	57478.0
chr1	239433446	239454888	21442	0.985951683612	13797.0
chr1	239471109	239549864	78755	0.984746174846	33780.0
chr1	240646127	240652395	6268	0.956761327377	4038.0
chr1	240652402	240652872	470	0.952	222.0
chr1	240775624	240786128	10504	0.981295220868	3419.0
chr1	240786753	240799833	13080	0.982	7979.0
chr1	240800373	240883022	82649	0.979192452419	41776.0
chr1	240883479	240902441	18962	0.967552156945	10857.0
chr1	240903153	240906133	2980	0.958	1526.0
chr1	240906378	240906890	512	0.958	0.0
chr1	241527671	241585195	57524	0.966805715875	31502.0
chr1	242688346	242692646	4300	0.975	1449.0
chr1	242692740	242693590	850	0.975	642.0
chr1	242693889	242720650	26761	0.974647023654	11495.0
chr1	242721129	242819140	98011	0.96950681046	60102.0
chr1	242823653	242916161	92508	0.961611547109	52124.0
chr1	244348408	244350603	2195	0.954197266515	455.0
chr1	244351014	244355174	4160	0.956219951923	1455.0
chr1	244355774	244358500	2726	0.969	2028.0
chr1	244358580	244389913	31333	0.962995531867	9783.0
chr1	244393621	244394014	393	0.969	285.0
chr1	244394418	244430164	35746	0.957569770044	17708.0
chr1	244430891	244470098	39207	0.963309128472	23093.0
chr1	244470647	244471909	1262	0.964	1115.0
chr1	244488484	244506154	17670	0.960135710243	12610.0
chr1	244506292	244515936	9644	0.953358668602	5184.0
chr1	244899521	244979087	79566	0.957377648744	58509.0
chr1	245034028	245050253	16225	0.957988474576	8997.0
chr1	245288621	245289926	1305	0.964	931.0
chr1	245290548	245291121	573	0.964	405.0
chr1	245291515	245292435	920	0.964	816.0
chr1	245295109	245296824	1715	0.964	766.0
chr1	245297185	245300747	3562	0.963944974733	3338.0
