chr	start	end	length	rec	bgs
chr3	887698	895257	7559	0.979800238127	6794.0
chr3	904444	904834	390	0.978	22.0
chr3	905044	917841	12797	0.975102992889	6457.0
chr3	918693	940434	21741	0.987653419806	13408.0
chr3	1662454	1679823	17369	0.977896367091	5741.0
chr3	1681276	1683249	1973	0.993	901.0
chr3	1692530	1696210	3680	0.994	3668.0
chr3	1708090	1755875	47785	0.98653845349	33318.0
chr3	1756711	1758088	1377	0.983089324619	1361.0
chr3	1768091	1781095	13004	0.989503075977	6562.0
chr3	1788599	1876787	88188	0.987051344854	46875.0
chr3	1876885	1880953	4068	0.987967551622	1817.0
chr3	5067376	5098704	31328	0.966974687181	20118.0
chr3	5103825	5111573	7748	0.97	5400.0
chr3	5113713	5121255	7542	0.964426412092	4836.0
chr3	5125403	5163533	38130	0.951347128245	27440.0
chr3	5281599	5283635	2036	0.958	814.0
chr3	5284018	5291861	7843	0.963054443453	5532.0
chr3	5291940	5294609	2669	0.966477332334	1090.0
chr3	5294908	5295761	853	0.97	126.0
chr3	5296428	5297219	791	0.97	604.0
chr3	5298446	5315627	17181	0.972087713172	9445.0
chr3	5316493	5390650	74157	0.977461251129	38305.0
chr3	5442857	5447706	4849	0.986890699113	2486.0
chr3	5448169	5469309	21140	0.986463245033	12664.0
chr3	5469506	5470026	520	0.985651923077	152.0
chr3	5475161	5517362	42201	0.986343522665	20853.0
chr3	5539671	5550222	10551	0.99227040091	4373.0
chr3	5550698	5559189	8491	0.994	7564.0
chr3	5563937	5591057	27120	0.992037241888	22563.0
chr3	5591634	5597284	5650	0.990390088496	1934.0
chr3	5677861	5689056	11195	0.992524251898	6772.0
chr3	5724642	5732740	8098	0.991941590516	2680.0
chr3	5784441	5795170	10729	0.987902414018	4922.0
chr3	5795620	5797803	2183	0.99338112689	1238.0
chr3	5797903	5830629	32726	0.992254476563	18310.0
chr3	5869386	5905066	35680	0.990707931614	20759.0
chr3	5905485	5932728	27243	0.981459861249	11627.0
chr3	5933145	5934194	1049	0.984913250715	729.0
chr3	5934605	5945643	11038	0.982258380141	5644.0
chr3	5989900	6004550	14650	0.972213174061	8481.0
chr3	6407572	6430196	22624	0.991377210042	11373.0
chr3	6430700	6521333	90633	0.988032063376	46360.0
chr3	7821263	7846058	24795	0.953410526316	14130.0
chr3	7846579	7848626	2047	0.960138739619	1256.0
chr3	7849459	7854542	5083	0.963199488491	2694.0
chr3	7857695	7897153	39458	0.968483653505	21590.0
chr3	7897588	7902511	4923	0.96785313833	1993.0
chr3	7982827	7989783	6956	0.967779183439	5185.0
chr3	8653614	8661085	7471	0.964469816624	6198.0
chr3	10767436	10798357	30921	0.963723715274	17793.0
chr3	10813405	10818196	4791	0.96078647464	1226.0
chr3	10818593	10818799	206	0.963	0.0
chr3	10980893	10981164	271	0.951	0.0
chr3	10983370	11013494	30124	0.957021378303	12307.0
chr3	11013758	11034381	20623	0.952447025166	10501.0
chr3	11766453	11770016	3563	0.95749761437	2606.0
chr3	11770134	11770456	322	0.958	256.0
chr3	11770800	11780831	10031	0.961978865517	6181.0
chr3	11781162	11781513	351	0.964	162.0
chr3	11784822	11790404	5582	0.964	4725.0
chr3	11790937	11791391	454	0.964	30.0
chr3	11791942	11792151	209	0.964	140.0
chr3	11792732	11792954	222	0.964	133.0
chr3	11793526	11795258	1732	0.964	1475.0
chr3	11796157	11798648	2491	0.964	1211.0
chr3	11799036	11802467	3431	0.963857475955	1983.0
chr3	11802866	11805984	3118	0.964	1551.0
chr3	11807619	11810849	3230	0.960717647059	2735.0
chr3	11811498	11812182	684	0.958	165.0
chr3	11812515	11814463	1948	0.955123203285	1550.0
chr3	14349248	14356757	7509	0.952	4877.0
chr3	14357030	14372104	15074	0.951661138384	8105.0
chr3	14394068	14406171	12103	0.952	5234.0
chr3	14406423	14412735	6312	0.958	3706.0
chr3	14413392	14437948	24556	0.957430159635	13366.0
chr3	14438629	14439558	929	0.957	418.0
chr3	14440737	14444075	3338	0.95641312163	1692.0
chr3	20817314	20895909	78595	0.967240193397	40959.0
chr3	20927118	20945098	17980	0.96983759733	11778.0
chr3	20945412	20946992	1580	0.97	243.0
chr3	22414812	22417144	2332	0.985701972556	425.0
chr3	22445220	22466557	21337	0.986058349346	11199.0
chr3	22466558	22551004	84446	0.986380894299	39624.0
chr3	22640648	22643955	3307	0.982	3268.0
chr3	22646380	22670385	24005	0.981261153926	13501.0
chr3	22913956	22941522	27566	0.975	12477.0
chr3	23039760	23095159	55399	0.972361324212	35724.0
chr3	23106970	23113208	6238	0.975	4465.0
chr3	23113538	23135521	21983	0.969845835418	12835.0
chr3	23176348	23177570	1222	0.955	678.0
chr3	23642017	23648851	6834	0.958375768218	2772.0
chr3	23648882	23710472	61590	0.965005163176	34938.0
chr3	26527629	26554764	27135	0.960975271789	14270.0
chr3	28019618	28029324	9706	0.952015660416	4570.0
chr3	28029512	28029713	201	0.951233830846	37.0
chr3	28035385	28038700	3315	0.951150527903	2228.0
chr3	28817818	28824048	6230	0.959252808989	3299.0
chr3	28862096	28880556	18460	0.966334290358	9446.0
chr3	30517504	30538286	20782	0.971364594361	11678.0
chr3	32271212	32278179	6967	0.952	3279.0
chr3	59406072	59421963	15891	0.955946258889	8456.0
chr3	61386012	61414780	28768	0.968617352614	16896.0
chr3	61415746	61416146	400	0.9760675	280.0
chr3	61416873	61418153	1280	0.9745703125	1016.0
chr3	61418812	61420182	1370	0.970257664234	728.0
chr3	61420484	61474658	54174	0.958662014989	29826.0
chr3	61476110	61531516	55406	0.966369851641	34719.0
chr3	63180717	63213990	33273	0.951579749346	19844.0
chr3	66552575	66584690	32115	0.953914681613	17074.0
chr3	66664319	66673469	9150	0.956511584699	3463.0
chr3	66673517	66682947	9430	0.960691304348	5145.0
chr3	66683398	66687114	3716	0.961347685684	2260.0
chr3	66688067	66726187	38120	0.962197665268	20401.0
chr3	66726723	66763701	36978	0.956425252853	20891.0
chr3	67292331	67321285	28954	0.953287421427	16271.0
chr3	71902549	71953491	50942	0.956310372581	29924.0
chr3	71967624	72042833	75209	0.969256857557	45983.0
chr3	72048061	72059262	11201	0.968026604767	8560.0
chr3	72060566	72062943	2377	0.950949095499	1539.0
chr3	72063567	72069337	5770	0.954871230503	4095.0
chr3	72069776	72071653	1877	0.960301012254	1739.0
chr3	72071872	72084441	12569	0.959594796722	10800.0
chr3	72291716	72298688	6972	0.974651749857	2620.0
chr3	72299149	72325253	26104	0.969364120441	12880.0
chr3	72325297	72325530	233	0.969	3.0
chr3	72325633	72337828	12195	0.965549651497	7400.0
chr3	72631587	72632500	913	0.968300109529	515.0
chr3	72632560	72635280	2720	0.968393014706	1563.0
chr3	72636144	72637216	1072	0.97	941.0
chr3	72637486	72648224	10738	0.973962562861	5445.0
chr3	72648537	72662838	14301	0.971968114118	8131.0
chr3	72665520	72696938	31418	0.970364408938	17584.0
chr3	72703676	72712114	8438	0.961439440626	3623.0
chr3	72713400	72716268	2868	0.960489888424	1855.0
chr3	72716817	72719871	3054	0.957100523903	1716.0
chr3	73235419	73306851	71432	0.955941230821	36366.0
chr3	73324289	73340400	16111	0.964102476569	6481.0
chr3	73367705	73414042	46337	0.961231564409	31043.0
chr3	73414534	73415088	554	0.952119133574	262.0
chr3	73681185	73698056	16871	0.959373184755	8048.0
chr3	74003248	74048955	45707	0.972680552213	24660.0
chr3	74100326	74147288	46962	0.966624249393	17823.0
chr3	74589953	74616471	26518	0.968602420997	18336.0
chr3	74616918	74629234	12316	0.973504465736	5424.0
chr3	74635097	74661810	26713	0.976468199004	11960.0
chr3	74753180	74764846	11666	0.97784244814	5647.0
chr3	74766402	74805968	39566	0.977772708891	24758.0
chr3	74806237	74807886	1649	0.974	1398.0
chr3	102986325	103015180	28855	0.951	20482.0
chr3	103015481	103036745	21264	0.950807750188	9394.0
chr3	103207671	103207988	317	0.952	0.0
chr3	103730912	103758303	27391	0.969644554781	23207.0
chr3	103783913	103800133	16220	0.965340567201	8566.0
chr3	103800157	103800512	355	0.97	135.0
chr3	103800665	103813657	12992	0.968106911946	3947.0
chr3	104815116	104833857	18741	0.95215031215	11279.0
chr3	105757059	105785477	28418	0.95115124217	21255.0
chr3	105915631	105917965	2334	0.952669237361	1845.0
chr3	106420227	106426934	6707	0.962547934993	3880.0
chr3	116881104	116883905	2801	0.962429132453	1239.0
chr3	116884585	116885984	1399	0.961708363117	362.0
chr3	116886431	116886896	465	0.959812903226	0.0
chr3	116886991	116887800	809	0.95812855377	112.0
chr3	117061723	117090684	28961	0.958511860778	11192.0
chr3	117156213	117172163	15950	0.961686018809	3896.0
chr3	117234351	117241478	7127	0.967391889996	2193.0
chr3	144391921	144517219	125298	0.958884826573	57854.0
chr3	144578114	144601972	23858	0.965623438679	11452.0
chr3	144615457	144687866	72409	0.963702716513	40898.0
chr3	144693237	144701399	8162	0.962301764273	5855.0
chr3	144811727	144882979	71252	0.963608740807	35375.0
chr3	144889746	144967364	77618	0.971573939035	41106.0
chr3	145287070	145342553	55483	0.974484382604	39061.0
chr3	145342924	145382000	39076	0.965696514485	21919.0
chr3	145382423	145402433	20010	0.963490154923	10417.0
chr3	145404398	145420837	16439	0.96530962954	6981.0
chr3	145420942	145462827	41885	0.965938808643	24220.0
chr3	148302242	148316416	14174	0.955474813038	8273.0
chr3	148324030	148358133	34103	0.954534733015	23028.0
chr3	171661956	171663554	1598	0.951990613267	512.0
chr3	171663835	171672782	8947	0.952960657204	5485.0
chr3	171695730	171743404	47674	0.962782481017	31484.0
chr3	171743821	171757417	13596	0.964	9806.0
chr3	177484100	177534652	50552	0.95969314765	22668.0
chr3	181554668	181582574	27906	0.955831398266	15403.0
chr3	181584941	181641141	56200	0.95539183274	28571.0
chr3	187781209	187802127	20918	0.957019839373	8549.0
chr3	188650098	188657322	7224	0.958396871539	3274.0
chr3	188658382	188659503	1121	0.954559322034	497.0
chr3	189052997	189078114	25117	0.965253652904	9852.0
chr3	189117858	189122669	4811	0.974540428185	1429.0
chr3	189125163	189133319	8156	0.971540583619	4132.0
chr3	189133782	189170415	36633	0.971518685338	26216.0
chr3	190718245	190725575	7330	0.967664392906	2376.0
chr3	190808348	190810551	2203	0.95667907399	1422.0
chr3	190810552	190820529	9977	0.959123383783	2556.0
chr3	190834069	190892437	58368	0.966861310992	32686.0
chr3	191308969	191323884	14915	0.973990881663	8969.0
chr3	191507642	191510548	2906	0.972148313833	2506.0
chr3	191675760	191686306	10546	0.961003034326	4336.0
chr3	191686730	191740157	53427	0.970879517847	33306.0
chr3	191762218	191779928	17710	0.956525578769	10766.0
chr3	191794948	191836506	41558	0.956116271235	26212.0
chr3	193583287	193594920	11633	0.954978939225	4128.0
chr3	193595373	193602883	7510	0.960482556591	3743.0
chr3	193637771	193669494	31723	0.95733984806	15630.0
chr3	193670396	193675160	4764	0.972692275399	4375.0
chr3	193788759	193809349	20590	0.973447498786	6957.0
chr3	193826963	193840779	13816	0.966964461494	6473.0
chr3	193841247	193845722	4475	0.960836871508	1584.0
chr3	193896112	193920804	24692	0.973812165884	10684.0
chr3	193975801	193982585	6784	0.965446933962	3239.0
chr3	193995610	193996348	738	0.958	198.0
chr3	193996392	193996629	237	0.958	166.0
chr3	193997089	193997667	578	0.958	0.0
chr3	193997928	194010637	12709	0.957034935872	6776.0
chr3	194040423	194041961	1538	-1.0	360.0
chr3	194047251	194060493	13242	-1.0	6051.0
chr3	194738833	194743729	4896	0.963233047386	2221.0
chr3	194744311	194752560	8249	0.964	4493.0
chr3	194753243	194754981	1738	0.964	374.0
chr3	194755558	194776275	20717	0.951487667133	11686.0
