chrom	chromStart	chromEnd	id	st.recomb	st.diversity	st.bkgd	bp.simpleRepeat	bp.rmskRM327	bp.phastConsElements46wayPlacMammal	bp.allSoftRegions	perc.simpleRepeat	perc.rmskRM327	perc.phastConsElements46wayPlacMammal	perc.allSoftRegions
chr2	10000	12335	chr2.38302	NA	0.00524164365325077	-1	1286	2284	0	2323	55.07	97.82	0	99.49
chr2	2424863	2435861	chr2.38318	NA	0.00109263841930806	0.968987997817785	152	8618	36	8671	1.38	78.36	0.33	78.84
chr2	2435979	2437494	chr2.38321	NA	0.000444834377387319	0.97	0	218	0	218	0	14.39	0	14.39
chr2	2437700	2441579	chr2.38322	NA	0.00131945044352454	0.969661768497035	71	1275	0	1276	1.83	32.87	0	32.9
chr2	2441785	2465868	chr2.38323	NA	0.00092998952327595	0.969	228	17112	14	17212	0.95	71.05	0.06	71.47
chr2	2466402	2467786	chr2.38324	NA	0.00125369608510638	0.969	7	1272	0	1279	0.51	91.91	0	92.41
chr2	2468181	2468480	chr2.38325	NA	0.00218596989966555	0.968	0	77	0	77	0	25.75	0	25.75
chr2	2469010	2473735	chr2.38328	NA	0.00278117864550264	0.96706201058201	206	1952	35	2193	4.36	41.31	0.74	46.41
chr2	2474362	2496520	chr2.38330	NA	0.00172709431709406	0.964704711616572	355	10196	464	10774	1.6	46.01	2.09	48.62
chr2	2497856	2500963	chr2.38331	NA	0.00110962922966163	0.971693916961699	0	538	24	562	0	17.32	0.77	18.09
chr2	2501298	2539932	chr2.38332	NA	0.00140745354540821	0.976548739452296	636	13609	680	14429	1.65	35.23	1.76	37.35
chr2	2539950	2569913	chr2.38334	1.2685722301761	0.00113036289607484	0.987883256015753	1359	14982	50	15640	4.54	50	0.17	52.2
chr2	2570455	2572856	chr2.38335	7.71345066830636	0.00124929733791327	0.988	0	390	0	390	0	16.24	0	16.24
chr2	2574148	2574618	chr2.38337	6.00999349591147	0.0029035785106383	0.988	0	0	0	0	0	0	0	0
chr2	2574825	2583802	chr2.38339	2.0313391663269	0.00107132169259073	0.988	2113	3650	57	4051	23.54	40.66	0.63	45.13
chr2	2585281	2616874	chr2.38340	7.51893932956595	0.00231137031365163	0.983624473775837	518	18958	335	19513	1.64	60.01	1.06	61.76
chr2	2637735	2638363	chr2.38343	11.9860409160077	0.00331442275042445	0.982828025477707	127	196	0	292	20.22	31.21	0	46.5
chr2	2638917	2640068	chr2.38344	8.00843051403834	0.00131937490636704	0.985679409209383	57	574	0	574	4.95	49.87	0	49.87
chr2	2641137	2642900	chr2.38346	4.35153386905842	0.00217980646625071	0.987152580828134	104	170	0	274	5.9	9.64	0	15.54
chr2	2643402	2645760	chr2.38347	4.62937903947971	0.00108802397196262	0.987636132315522	0	633	107	740	0	26.84	4.54	31.38
chr2	2660402	2660867	chr2.38348	95.2879129670975	4.88759139784946e-05	0.979251612903226	0	0	0	0	0	0	0	0
chr2	2660959	2664324	chr2.38349	170.742754489675	0.00123787783295711	0.988308766716196	0	2121	0	2121	0	63.03	0	63.03
chr2	2664864	2677115	chr2.38350	119.184347647183	0.00112548287560582	0.993735450167333	801	3455	0	4182	6.54	28.2	0	34.14
chr2	2706019	2709256	chr2.38356	3.93672107367516	0.00147936473354232	0.993387704664813	0	260	83	343	0	8.03	2.56	10.6
chr2	2709934	2720363	chr2.38357	14.1231018137491	0.00204923958163265	0.993086106050436	132	2333	379	2770	1.27	22.37	3.63	26.56
chr2	2720697	2726139	chr2.38358	2.48780683428192	0.00297498864459389	0.994	984	1819	107	2353	18.08	33.43	1.97	43.24
chr2	2726835	2727594	chr2.38359	3.46514436422658	0.000351628571428571	0.994	0	204	0	204	0	26.88	0	26.88
chr2	2727977	2733679	chr2.38361	1.18602296483073	0.00149432233849869	0.993229743949491	0	3052	0	3052	0	53.53	0	53.53
chr2	2740760	2741450	chr2.38363	0.967909846733323	0.00336446458333333	0.993	77	133	0	133	11.16	19.28	0	19.28
chr2	2774806	2776298	chr2.38368	10.2079323388635	0.00119070303867403	0.994	0	240	0	240	0	16.09	0	16.09
chr2	2776807	2789206	chr2.38370	3.39570711515509	0.00107869962472636	0.994	2398	4038	133	6450	19.34	32.57	1.07	52.02
chr2	2799460	2817882	chr2.38378	4.78265668353708	0.00155806105664488	0.99388150037998	234	7170	159	7352	1.27	38.92	0.86	39.91
chr2	2830207	2835346	chr2.38379	0.916091629155492	0.00128862703180212	0.988	0	2152	53	2188	0	41.88	1.03	42.58
chr2	2835611	2837548	chr2.38380	3.62605766159643	0.00110660131440589	0.987759938048529	0	1225	0	1225	0	63.24	0	63.24
chr2	2842163	2851637	chr2.38382	5.02546327753083	0.00134783181975337	0.98621997044543	227	3288	147	3458	2.4	34.71	1.55	36.5
chr2	3129798	3135756	chr2.38400	2.41589853081749	0.000616991065365025	0.969321248741188	186	2549	61	2761	3.12	42.78	1.02	46.34
chr2	3823931	3825485	chr2.38460	4.07048921051233	0.00284742384665367	0.98528120978121	0	1183	0	1183	0	76.13	0	76.13
chr2	3825945	3826405	chr2.38461	2.26971649770995	0.00307251876379691	0.985	0	0	0	0	0	0	0	0
chr2	3848667	3853967	chr2.38465	1.33817937962786	0.00138235883956386	0.984431886792453	34	736	0	770	0.64	13.89	0	14.53
chr2	4372478	4429934	chr2.38472	1.95796404597375	0.000991879235648775	0.989099537037037	433	29399	655	30033	0.75	51.17	1.14	52.27
chr2	4464423	4470339	chr2.38474	1.91034089481453	0.000676940803872054	0.98952400270453	361	1489	40	1565	6.1	25.17	0.68	26.45
chr2	4470694	4493607	chr2.38476	12.1089321596279	0.00101407797647307	0.993366211321084	173	12207	0	12208	0.76	53.28	0	53.28
chr2	4525040	4561467	chr2.38478	13.1663492456549	0.00079510348213308	0.988834106569303	166	22760	384	23144	0.46	62.48	1.05	63.54
chr2	4562740	4575867	chr2.38479	13.1657499726525	0.000822255856613935	0.990203702292984	329	6064	327	6617	2.51	46.19	2.49	50.41
chr2	4654677	4675807	chr2.38482	2.10699611958027	0.00106499494065108	0.97568651206815	220	10718	0	10727	1.04	50.72	0	50.77
chr2	4734596	4736151	chr2.38486	1.56859421534676	0.00138954862924282	0.96964501607717	8	49	0	49	0.51	3.15	0	3.15
chr2	4736831	4760430	chr2.38487	2.86579830019859	0.000864662317584164	0.973048646129073	239	9775	391	10152	1.01	41.42	1.66	43.02
chr2	4788306	4802821	chr2.38488	4.26743402448789	0.000802627564812763	0.97581729245608	145	6332	421	6808	1	43.62	2.9	46.9
chr2	4825243	4840596	chr2.38495	3.24441087273353	0.00168451844771994	0.991765322738227	54	7938	28	8020	0.35	51.7	0.18	52.24
chr2	4850368	4882121	chr2.38496	3.482505411675	0.00145608965163545	0.982272320725601	159	12725	420	13173	0.5	40.07	1.32	41.49
chr2	4924222	5005382	chr2.38498	4.47922016559022	0.00135370888564743	0.99040680137999	1612	35757	1029	36993	1.99	44.06	1.27	45.58
chr2	5224308	5250634	chr2.38505	6.54985196698003	0.00152848162198391	0.99222392311783	89	18988	0	19019	0.34	72.13	0	72.24
chr2	5252644	5280162	chr2.38506	19.2444950678875	0.00124136519740291	0.991794461806817	713	12954	250	13356	2.59	47.07	0.91	48.54
chr2	5281002	5310595	chr2.38507	2.30586814388375	0.000982515499170233	0.993833609299496	398	17902	237	18278	1.34	60.49	0.8	61.76
chr2	5310848	5311951	chr2.38508	1.53726146574986	0.000838409700815957	0.994	0	0	0	0	0	0	0	0
chr2	5313164	5325358	chr2.38509	1.18525735847563	0.000379203440688138	0.993858701000492	225	6382	0	6578	1.85	52.34	0	53.94
chr2	5435584	5442841	chr2.38517	0.968270040665348	0.00155626157218443	0.992442744935924	149	3322	30	3427	2.05	45.78	0.41	47.22
chr2	5442847	5443221	chr2.38518	1.79862726289788	0.00113442901234568	0.993	0	196	0	196	0	52.41	0	52.41
chr2	5443778	5447385	chr2.38521	1.13322403381153	0.00107445009797518	0.993	153	3346	0	3352	4.24	92.76	0	92.93
chr2	5449921	5486920	chr2.38523	2.81887861410601	0.00103001107815558	0.988376604773102	525	11761	852	12678	1.42	31.79	2.3	34.27
chr2	5488525	5497668	chr2.38524	2.19793992151634	0.000693242956764296	0.988366291151701	64	3181	43	3262	0.7	34.79	0.47	35.68
chr2	5713321	5736113	chr2.38526	256.428164840493	0.00115304615951282	0.9730505001755	273	11732	215	11964	1.2	51.47	0.94	52.49
chr2	5737304	5741868	chr2.38527	1.84411421954383	0.000574334059097978	0.970990578439965	161	2511	0	2511	3.53	55.02	0	55.02
chr2	5968121	6007837	chr2.38528	5.45454323824908	0.00179610879307038	0.960899184207876	602	18652	260	19085	1.52	46.96	0.65	48.05
chr2	6024522	6047947	chr2.38535	2.17218837662833	0.000920062491724345	0.976611995731057	378	11397	699	12088	1.61	48.65	2.98	51.6
chr2	6048363	6062745	chr2.38536	2.46451734924151	0.000857822015285301	0.980076136837714	58	5971	649	6609	0.4	41.52	4.51	45.95
chr2	6063807	6072818	chr2.38537	2.74241167929867	0.000999147022347023	0.978717012540229	43	3127	373	3500	0.48	34.7	4.14	38.84
chr2	6120819	6122109	chr2.38538	6.57116546380359	0.000413581560891938	0.975	48	99	0	99	3.72	7.67	0	7.67
chr2	6216609	6290647	chr2.38546	2.32553826615159	0.00183259005910621	0.969664280504606	1796	39238	1333	40562	2.43	53	1.8	54.79
chr2	6343183	6356672	chr2.38548	9.60349655796268	0.00186909740829346	0.979496256208763	124	6139	87	6230	0.92	45.51	0.64	46.19
chr2	6356946	6377928	chr2.38551	1.22630516988135	0.00149215131627735	0.99138852349633	132	9270	341	9662	0.63	44.18	1.63	46.05
chr2	6379397	6380155	chr2.38552	1.07639530357686	0.000713738918205805	0.993	0	195	0	195	0	25.73	0	25.73
chr2	6402469	6417482	chr2.38556	3.21316277630722	0.00154047908167412	0.99290195164191	277	10807	0	10873	1.85	71.98	0	72.42
chr2	6420640	6422481	chr2.38557	2.22447611678304	0.00152402983735278	0.990952743074416	44	534	0	541	2.39	29.01	0	29.39
chr2	6423021	6425080	chr2.38558	2.02574050121765	0.00197113820689655	0.988687226809131	132	438	22	461	6.41	21.27	1.07	22.39
chr2	6425573	6426379	chr2.38560	1.68438968415622	0.000661235668789809	0.983456575682382	0	566	0	566	0	70.22	0	70.22
chr2	6426929	6430008	chr2.38561	1.19683408227962	0.00116412471122112	0.979430009743423	40	636	443	1079	1.3	20.66	14.39	35.04
chr2	6430466	6442447	chr2.38562	1.09138960638063	0.00130828255181197	0.991100075118938	177	6882	154	7036	1.48	57.44	1.29	58.73
chr2	6443005	6453085	chr2.38563	1.06740738238578	0.00109611271939822	0.982538095238095	662	3844	652	4487	6.57	38.13	6.47	44.51
chr2	6517808	6618768	chr2.38566	3.82682506418875	0.0012480769527169	0.983759449286846	1460	42095	2830	44556	1.45	41.69	2.8	44.13
chr2	6645479	6757333	chr2.38574	4.49923940013421	0.00106729388939474	0.975453421424357	2277	53252	2365	55930	2.04	47.61	2.11	50
chr2	6805395	6861883	chr2.38582	11.2041316157164	0.00111484055629475	0.972781475711656	905	30437	650	31029	1.6	53.88	1.15	54.93
chr2	6910442	6912947	chr2.38584	23.8954539213534	0.000682959880239521	0.975187225548902	0	173	304	477	0	6.91	12.14	19.04
chr2	6913485	6932779	chr2.38585	7.46038095825664	0.000980693850883936	0.980456359489997	615	9064	199	9457	3.19	46.98	1.03	49.02
chr2	6933376	6934758	chr2.38586	10.7088679759442	0.000192427785817656	0.97983502170767	0	132	27	159	0	9.55	1.95	11.51
chr2	6935630	6960491	chr2.38587	8.40202567931588	0.00201061773144938	0.972478058002494	578	6872	468	7548	2.32	27.64	1.88	30.36
chr2	6963075	6965588	chr2.38595	6.34512687470425	0.000147453889835321	0.963910863509749	82	1348	144	1431	3.26	53.64	5.73	56.94
chr2	6965919	6968426	chr2.38597	49.811352393484	0.000596136856800957	0.958302752293578	0	901	180	1028	0	35.94	7.18	41.01
chr2	7049678	7050040	chr2.38603	1.18104953122942	0	0.951	0	129	0	129	0	35.64	0	35.64
chr2	7050603	7052406	chr2.38606	2.19083101559608	0.000901565777525539	0.951	0	388	0	388	0	21.52	0	21.52
chr2	7256462	7266094	chr2.38621	7.94319520766759	0.00161833972237053	0.952719476744186	1205	2620	265	2918	12.51	27.2	2.75	30.29
chr2	7404503	7407002	chr2.38675	34.2410514541667	0.0020479985543164	0.97081112444978	0	320	361	681	0	12.81	14.45	27.25
chr2	7451972	7460605	chr2.38683	2.13289636675322	0.000625218065101803	0.976	25	4718	69	4730	0.29	54.65	0.8	54.79
chr2	7460773	7464138	chr2.38687	16.8670989165018	0.000558647501836885	0.976776820208024	0	1167	247	1414	0	34.68	7.34	42.02
chr2	7514312	7514745	chr2.38694	94.6416322668272	0.000695011547344111	0.963	0	0	0	0	0	0	0	0
chr2	7515086	7516128	chr2.38695	98.9174842409291	0.000293825047984645	0.963	0	500	84	584	0	47.98	8.06	56.05
chr2	7516710	7517095	chr2.38696	104.053660627066	0.000622211168831169	0.965833766233766	0	0	0	0	0	0	0	0
chr2	7517564	7518277	chr2.38697	6.01252319497086	0.00124021823281907	0.972117812061711	0	55	0	55	0	7.71	0	7.71
chr2	7518784	7522951	chr2.38698	15.9775772518523	0.00176475414922433	0.986043916486681	75	1425	166	1591	1.8	34.2	3.98	38.18
chr2	7523174	7542761	chr2.38699	10.9569040015172	0.00140990418861144	0.958892632868739	254	9188	817	9881	1.3	46.91	4.17	50.45
chr2	7560802	7561391	chr2.38701	7.00977653028339	0.000228356802721088	0.981157894736842	0	0	190	190	0	0	32.26	32.26
chr2	7645151	7660049	chr2.38706	13.931476485233	0.0012268809220104	0.984095046314942	35	4964	239	5203	0.23	33.32	1.6	34.92
chr2	7812377	7852826	chr2.38716	7.81308366467012	0.00107933065910866	0.987253183020594	416	16688	1535	18212	1.03	41.26	3.79	45.02
chr2	7854638	7856788	chr2.38718	1.019916906813	0.000652476740139211	0.983197209302325	0	685	20	705	0	31.86	0.93	32.79
chr2	7857177	7865931	chr2.38719	9.4860138016695	0.00100753840091704	0.964814142106466	49	3614	187	3801	0.56	41.28	2.14	43.42
chr2	7902299	7952740	chr2.38723	21.270974456625	0.000814347477570231	0.974720187942349	1056	24210	951	25256	2.09	48	1.89	50.07
chr2	7984106	7985035	chr2.38730	3.38887724950588	0.000963665554359526	0.993	0	179	0	179	0	19.27	0	19.27
chr2	7985616	7987483	chr2.38731	11.2099712165871	0.00124608685064935	0.992917514729513	0	895	0	895	0	47.94	0	47.94
chr2	7988054	7990879	chr2.38732	10.1405419950123	0.00149361066907776	0.990501238938053	37	479	173	652	1.31	16.96	6.12	23.08
chr2	7991423	8001808	chr2.38733	3.167084528709	0.00106624719276705	0.983892537313433	144	4951	343	5246	1.39	47.67	3.3	50.52
chr2	8002344	8007842	chr2.38734	5.34603488798286	0.00148782612991381	0.978075118224809	38	2889	91	3017	0.69	52.55	1.66	54.87
chr2	8557499	8579430	chr2.38735	76.4061659256923	0.00101696188713657	0.984900460535315	325	10550	293	10954	1.48	48.11	1.34	49.95
chr2	8579594	8602344	chr2.38736	1.30454211895866	0.00116473741214542	0.978781758241759	259	7954	792	8786	1.14	34.96	3.48	38.62
chr2	8602526	8604257	chr2.38737	94.9053017892052	0.000350167183462532	0.9782570768342	85	388	72	463	4.91	22.41	4.16	26.75
chr2	8604452	8611032	chr2.38738	465.705046229203	0.0015580261645547	0.978547720364742	57	3445	106	3541	0.87	52.36	1.61	53.81
chr2	8611633	8611836	chr2.38739	805.991905136613	0.0027011236453202	0.977	0	0	0	0	0	0	0	0
chr2	8612335	8616533	chr2.38741	472.987829990762	0.000535572896203876	0.974195331110053	37	880	349	1266	0.88	20.96	8.31	30.16
chr2	8617351	8622812	chr2.38742	10.6082752967408	0.000702932862864772	0.976468961728621	99	1485	238	1723	1.81	27.19	4.36	31.55
chr2	8623003	8626568	chr2.38743	32.7594246205534	0.000623200926211794	0.979150350631136	53	1446	69	1529	1.49	40.56	1.94	42.89
chr2	8627131	8628131	chr2.38744	27.5657356566703	0.000416665243004418	0.977199	0	419	15	434	0	41.9	1.5	43.4
chr2	8628340	8629105	chr2.38745	19.4779046109016	0.00045895137254902	0.974887581699346	0	0	78	78	0	0	10.2	10.2
chr2	8629950	8630473	chr2.38754	8.4446655571686	0.000637347992351816	0.976516252390057	0	122	0	122	0	23.33	0	23.33
chr2	8631067	8643501	chr2.38755	1.5868669775824	0.000743342974412715	0.972205163262023	81	3572	542	4121	0.65	28.73	4.36	33.14
chr2	8653072	8658902	chr2.38758	1.32957512644922	0.000738882526775089	0.973321269296741	178	2012	218	2219	3.05	34.51	3.74	38.06
chr2	8659570	8667826	chr2.38759	3.09409001389712	0.00104943111250786	0.965907340116279	0	2998	463	3461	0	36.31	5.61	41.92
chr2	8668178	8671460	chr2.38762	3.48656995213935	0.000779608434163701	0.970417428397319	33	887	58	945	1.01	27.03	1.77	28.79
chr2	8671623	8671951	chr2.38763	3.38366285190558	0	0.974	0	328	31	328	0	100	9.45	100
chr2	8672407	8679085	chr2.38764	2.97181349898549	0.00141830483772198	0.973789607666966	0	1325	175	1476	0	19.84	2.62	22.1
chr2	8679248	8681264	chr2.38766	2.07010325699346	0.00160147777777778	0.975	262	103	62	418	13	5.11	3.08	20.73
chr2	8723922	8737518	chr2.38768	12.6661459923225	0.00208162198666269	0.963764489555752	1192	4435	26	4637	8.77	32.62	0.19	34.11
chr2	8737971	8741021	chr2.38770	60.864761580571	0.00167890486425339	0.964	193	430	13	636	6.33	14.1	0.43	20.85
chr2	8763072	8767203	chr2.38771	2.26013101702412	0.00152616258351893	0.957920600338901	157	1108	15	1119	3.8	26.82	0.36	27.09
chr2	8768134	8771443	chr2.38775	9.98426363772186	0.002229730102234	0.954575098216984	40	378	6	424	1.21	11.42	0.18	12.81
chr2	8771698	8773016	chr2.38776	47.4631534515489	0.000846936349574633	0.952	0	346	0	346	0	26.25	0	26.25
chr2	9848542	9852329	chr2.38857	2.11006065849375	0.00159898837719298	0.952	35	2269	6	2310	0.92	59.92	0.16	61
chr2	9852951	9857017	chr2.38859	3.06795385727202	0.0018540324009324	0.952	119	2155	14	2169	2.93	53	0.34	53.34
chr2	10406706	10417938	chr2.38875	3.58422770449433	0.00171002972645848	0.96515438034188	260	5530	112	5713	2.31	49.23	1	50.86
chr2	11082448	11107537	chr2.38919	43.3454134028319	0.00108149419067248	0.961997728088007	1148	9435	190	9744	4.58	37.61	0.76	38.84
chr2	11124108	11128433	chr2.38921	2.53791552992382	0.00132379039100434	0.962439768786127	57	1987	0	1995	1.32	45.94	0	46.13
chr2	11524961	11527660	chr2.38937	3.87818896298777	0.000696374207961007	0.951439792515747	49	1714	183	1887	1.82	63.51	6.78	69.91
chr2	11530504	11534106	chr2.38938	21.8139823885856	0.00101590684754522	0.957862853970017	0	1922	63	1977	0	53.36	1.75	54.89
chr2	11543203	11544468	chr2.38941	3.72801239415259	0.000552196358118361	0.958	0	1058	52	1058	0	83.64	4.11	83.64
chr2	11545079	11547603	chr2.38942	1.79077209425587	0.000794144071691177	0.953181854199683	0	825	354	1157	0	32.69	14.03	45.84
chr2	11547924	11550939	chr2.38943	1.02021073164577	0.000875849769094139	0.951478606965174	0	1485	0	1485	0	49.25	0	49.25
chr2	11623979	11635936	chr2.38961	1.73253229136195	0.000847321829963133	0.958	131	6556	34	6609	1.1	54.83	0.28	55.27
chr2	11636036	11658075	chr2.38962	5.5944840063848	0.000961165980046948	0.958	1323	10184	173	10409	6	46.21	0.78	47.23
chr2	11668360	11674241	chr2.38964	2.53580697820998	0.000940323427767732	0.950996259139602	29	2761	49	2799	0.49	46.95	0.83	47.59
chr2	11783078	11788728	chr2.38966	2.27131537975655	0.000729508745996551	0.963906548672566	42	3079	0	3082	0.74	54.5	0	54.55
chr2	11810425	11812651	chr2.38972	5.75749933157865	0.00193176810918775	0.97	0	1025	0	1025	0	46.05	0	46.05
chr2	11817325	11817669	chr2.38974	1.04246706625241	0.00190533023255814	0.97	0	42	56	98	0	12.21	16.28	28.49
chr2	11987914	11988747	chr2.38978	161.884590921917	0.000310522012578616	0.97	0	452	0	452	0	54.26	0	54.26
chr2	13093196	13106532	chr2.38991	2.8533843163284	0.000794494249096287	0.964503074385123	63	7346	304	7652	0.47	55.08	2.28	57.38
chr2	13147154	13171157	chr2.38992	7.35657084188	0.000894192106762918	0.968479273424155	837	11542	263	11866	3.49	48.09	1.1	49.44
chr2	14562629	14634678	chr2.39009	0.939350120838526	0.00100722881679055	0.968949895210204	445	51232	799	51856	0.62	71.11	1.11	71.97
chr2	14648785	14671214	chr2.39012	0.959306523803751	0.000998589642396003	0.963266396183513	156	9969	926	10812	0.7	44.45	4.13	48.21
chr2	14671890	14681828	chr2.39013	1.5998083337375	0.00122661619849164	0.972882471322198	188	3550	8	3620	1.89	35.72	0.08	36.43
chr2	14683884	14691934	chr2.39014	10.2992726679136	0.00145609032572383	0.968154037267081	89	3389	465	3919	1.11	42.1	5.78	48.68
chr2	15062992	15108524	chr2.39036	5.843938854664	0.00137944497297018	0.951674931916015	194	24847	661	25508	0.43	54.57	1.45	56.02
chr2	15886620	15922049	chr2.39062	5.09643479896444	0.00127912996152455	0.953297214146603	605	13549	1266	14975	1.71	38.24	3.57	42.27
chr2	15922346	15925447	chr2.39063	6.24753721543481	0.000945696098032893	0.95635504675911	38	465	207	710	1.23	15	6.68	22.9
chr2	15925880	15926390	chr2.39064	25.1591598525173	0.000853360392156863	0.957	0	247	75	322	0	48.43	14.71	63.14
chr2	15927086	15931110	chr2.39065	8.65480864643252	0.0010247661756683	0.958625994035785	397	1243	395	1707	9.87	30.89	9.82	42.42
chr2	15951001	15961492	chr2.39067	4.54486891845851	0.00172970980004166	0.957909350872176	0	3405	1220	4597	0	32.46	11.63	43.82
chr2	15961932	16009933	chr2.39069	6.49700934509402	0.00110279192933747	0.952058998770859	489	29130	1896	31096	1.02	60.69	3.95	64.78
chr2	16115824	16119607	chr2.39084	7.83521983593403	0.000664994011741683	0.958610097805974	0	1803	498	2301	0	47.66	13.16	60.82
chr2	16119992	16122068	chr2.39085	3.07666076196182	0.00155226476733143	0.965330443159923	29	1334	53	1375	1.4	64.26	2.55	66.23
chr2	16329724	16380470	chr2.39094	6.04986757412107	0.000842959618370311	-1	641	23629	2715	26161	1.26	46.56	5.35	51.55
chr2	16380563	16383697	chr2.39095	19.7339411925975	0.000860157711069418	0.981418953414167	0	1304	12	1316	0	41.61	0.38	41.99
chr2	16385494	16395531	chr2.39097	3.63769858172275	0.0011709889002966	0.981	39	5016	461	5482	0.39	49.98	4.59	54.62
chr2	16410225	16438111	chr2.39106	3.5459963586975	0.00138054168558176	0.972554400057377	260	14240	1710	15873	0.93	51.07	6.13	56.92
chr2	16438692	16466912	chr2.39108	2.23742649097237	0.00130001106273903	0.97263802267895	189	9898	1559	11137	0.67	35.07	5.52	39.46
chr2	16950848	17029936	chr2.39128	1.82372487317428	0.00106973214412096	0.969413855452155	740	45252	387	45696	0.94	57.22	0.49	57.78
chr2	17155764	17157414	chr2.39134	0.946869991026523	0.00133068681148177	0.95	0	881	0	881	0	53.39	0	53.39
chr2	17161846	17192557	chr2.39140	10.4141417200877	0.000592038541435483	0.954665299078506	168	23547	64	23672	0.55	76.67	0.21	77.08
chr2	19675373	19680078	chr2.39239	1.5527454477453	0.00108429700996678	0.95253730074389	0	1251	482	1733	0	26.59	10.24	36.83
chr2	23120019	23124479	chr2.39435	3.06699135167397	0.000740080328724237	0.957561434977578	592	1660	212	1886	13.27	37.22	4.75	42.29
chr2	23152889	23153866	chr2.39438	4.31386641694068	0.0014620494370522	0.951453428863869	0	329	74	403	0	33.67	7.57	41.25
chr2	23159752	23189462	chr2.39439	8.62892470787804	0.0012597889345324	0.958709256142713	223	11510	2609	13869	0.75	38.74	8.78	46.68
chr2	23206944	23221297	chr2.39443	17.0966651397733	0.000977730404480398	0.95000222949906	0	9707	1190	10834	0	67.63	8.29	75.48
chr2	23221537	23240996	chr2.39444	11.712947842439	0.00123781010909935	0.952888637648389	233	7805	698	8373	1.2	40.11	3.59	43.03
chr2	34530041	34545197	chr2.39825	9.29881454023788	0.00148607013717304	0.964971892319873	77	6223	380	6597	0.51	41.06	2.51	43.53
chr2	34969435	34972082	chr2.39838	1.79345677846942	0.00139261764261428	0.966439365319229	27	170	32	229	1.02	6.42	1.21	8.65
chr2	34972632	35006170	chr2.39839	1.97689729036796	0.00148835201752271	0.974445524479695	290	15571	323	15945	0.86	46.43	0.96	47.54
chr2	35638100	35679387	chr2.39853	5.15225350995284	0.00149547890405392	0.970953157168116	659	23021	646	23844	1.6	55.76	1.56	57.75
chr2	35718669	35718898	chr2.39857	2.5488174318388	0	0.975	0	229	0	229	0	100	0	100
chr2	35719160	35719890	chr2.39858	2.69903593576803	0.0011054927297668	0.975	0	6	0	6	0	0.82	0	0.82
chr2	36134023	36142403	chr2.39875	10.2438060052689	0.00263450585023401	0.963328639618138	154	2143	452	2571	1.84	25.57	5.39	30.68
chr2	41059164	41068264	chr2.39980	3.92370514162578	0.000997090867359266	0.950190659340659	211	6059	0	6103	2.32	66.58	0	67.07
chr2	41340032	41345545	chr2.39993	3.43379450407721	0.00139003270236613	0.959	0	3833	116	3949	0	69.53	2.1	71.63
chr2	41345922	41370919	chr2.39994	3.79516034212929	0.00120182400236611	0.95248749849982	51	8104	354	8458	0.2	32.42	1.42	33.84
chr2	41430350	41468539	chr2.39998	0.977711496746	0.00120716407834421	0.960482966299196	467	28118	54	28243	1.22	73.63	0.14	73.96
chr2	42069520	42077306	chr2.40014	12.0807502775083	0.00113833089266241	0.964	142	4012	165	4133	1.82	51.53	2.12	53.08
chr2	42077824	42081225	chr2.40015	10.3581021502291	0.00233950872180451	0.964	88	1669	25	1685	2.59	49.07	0.74	49.54
chr2	45348662	45366630	chr2.40265	1.78385296922462	0.001273724408646	0.952555042297418	307	10161	762	10971	1.71	56.55	4.24	61.06
chr2	52643009	52683131	chr2.40463	4.94671628620399	0.00121307655167588	0.968334504760481	707	22522	348	22956	1.76	56.13	0.87	57.22
chr2	52709471	52721825	chr2.40471	9.34798881399729	0.00273243204334365	0.966156953213534	151	7089	224	7378	1.22	57.38	1.81	59.72
chr2	52814537	52829457	chr2.40472	1.20465949963326	0.00110357596648834	0.962663605898123	50	6895	273	7168	0.34	46.21	1.83	48.04
chr2	52927263	52941231	chr2.40475	1.827467362924	0.00226923673341677	0.953534292668958	128	3597	647	4341	0.92	25.75	4.63	31.08
chr2	52947139	52949808	chr2.40486	1.29819519014606	0.00202480212665406	0.961	272	2063	72	2063	10.19	77.29	2.7	77.29
chr2	75573080	75580932	chr2.41142	1.076351761462	0.00108514642759749	0.951183265410086	168	2933	66	3040	2.14	37.35	0.84	38.72
chr2	75583576	75635354	chr2.41145	1.29091407758351	0.00146171710841005	0.957448433697709	495	44067	284	44161	0.96	85.11	0.55	85.29
chr2	75647230	75665586	chr2.41154	3.86324141650776	0.00141339861486192	0.956870723469165	129	13152	128	13283	0.7	71.65	0.7	72.36
chr2	75667008	75672797	chr2.41165	3.48080381574666	0.000687526768985449	0.952	27	3088	113	3201	0.47	53.34	1.95	55.29
chr2	75672990	75673873	chr2.41166	12.7479823359883	0.00105189878787879	0.952	45	50	0	50	5.1	5.66	0	5.66
chr2	76705354	76705778	chr2.41179	1.04504903568096	0.000207014858490566	0.965	0	0	144	144	0	0	33.96	33.96
chr2	76706038	76740891	chr2.41180	1.9764119965477	0.000785236491616577	0.964952830459358	399	12566	1045	13617	1.14	36.05	3	39.07
chr2	76741359	76747872	chr2.41181	8.58421049723994	0.00158291823834197	0.96892046675879	53	3264	8	3312	0.81	50.12	0.12	50.85
chr2	76776464	76784100	chr2.41184	2.52174256312831	0.000907812219121751	0.95040544787847	25	3226	898	4080	0.33	42.25	11.76	53.43
chr2	76784102	76811777	chr2.41185	7.47372002360668	0.00112714576702737	0.965546811201445	503	14918	955	15621	1.82	53.9	3.45	56.44
chr2	76860212	76880918	chr2.41186	1.01562074808365	0.000526296563392991	0.958255964454747	122	11861	604	12449	0.59	57.28	2.92	60.12
chr2	76880988	76935093	chr2.41189	3.98809492955748	0.000945898523372248	0.962172849089733	329	28025	3075	31167	0.61	51.8	5.68	57.6
chr2	76935261	76935739	chr2.41191	5.0155816155012	0.00183636363636364	0.97	0	347	0	347	0	72.59	0	72.59
chr2	78820511	78825036	chr2.41201	3.02346749470853	0.000448700935399006	0.952610828729282	131	2139	18	2196	2.9	47.27	0.4	48.53
chr2	78826532	78965408	chr2.41203	1.68919917203372	0.000608719307159353	0.95763109536565	2408	87358	2120	89362	1.73	62.9	1.53	64.35
chr2	78995045	79003281	chr2.41206	3.21421121125874	0.000939446454375167	0.967247814473045	0	4199	10	4209	0	50.98	0.12	51.1
chr2	79003843	79056685	chr2.41207	2.23141491970206	0.000842931725214676	0.9765521176337	575	25293	956	26440	1.09	47.87	1.81	50.04
chr2	79102129	79136388	chr2.41212	0.96096535914375	0.000968658192624611	0.968044864123296	196	16232	918	17139	0.57	47.38	2.68	50.03
chr2	79157721	79232103	chr2.41214	6.62973220164769	0.0012693282703421	0.966491234438439	648	33884	2412	35956	0.87	45.55	3.24	48.34
chr2	79256082	79309015	chr2.41219	2.32570205315981	0.00132305131343694	0.954765873840516	410	37251	236	37497	0.77	70.37	0.45	70.84
chr2	79365651	79383751	chr2.41220	1.65629169505272	0.00066834082156611	0.972737127071823	175	15480	0	15485	0.97	85.52	0	85.55
chr2	81488864	81523032	chr2.41244	3.53033148242926	0.000949205400449749	0.951812895106532	316	21736	521	22112	0.92	63.62	1.52	64.72
chr2	81948966	81955386	chr2.41254	0.902400189616113	0.00134029508616674	0.959810903426791	0	3048	7	3055	0	47.48	0.11	47.59
chr2	83223223	83227254	chr2.41290	0.921933168233792	0.00230521805663809	0.958818655420491	183	1248	123	1371	4.54	30.96	3.05	34.01
chr2	121245269	121300484	chr2.41767	16.3308989490719	0.00136915557634577	0.966199275559178	944	23121	1960	24828	1.71	41.87	3.55	44.97
chr2	121301954	121302219	chr2.41769	84.1867869820061	0	0.969	0	145	0	145	0	54.72	0	54.72
chr2	121303579	121303782	chr2.41770	6.71207321088354	0	0.96579802955665	0	0	14	14	0	0	6.9	6.9
chr2	121308266	121309047	chr2.41773	0.971607864088375	0.000545210755441741	0.975	0	349	0	349	0	44.69	0	44.69
chr2	121310623	121311317	chr2.41784	1.03029146838746	0.00212148299711816	0.971475504322767	0	152	0	152	0	21.9	0	21.9
chr2	121333396	121337462	chr2.41791	3.18469555037824	0.00118576860171631	0.967435071323168	0	704	298	940	0	17.31	7.33	23.12
chr2	121338032	121340795	chr2.41792	3.30209209908227	0.00131571454940282	0.968957654723127	0	1418	322	1695	0	51.32	11.65	61.35
chr2	121908118	121935902	chr2.41811	7.82174361885846	0.00134188998039033	0.952	254	18090	285	18298	0.91	65.11	1.03	65.86
chr2	123227520	123237475	chr2.41858	3.57077352269657	0.000744520987654321	0.957323053741838	266	5759	530	6287	2.67	57.85	5.32	63.15
chr2	123248640	123261326	chr2.41863	2.66034139049457	0.000664561554119833	0.960562667507489	124	7602	45	7647	0.98	59.92	0.35	60.28
chr2	123262699	123284512	chr2.41864	3.28660224957979	0.000823257620170134	0.954828496767983	48	9858	464	10271	0.22	45.19	2.13	47.09
chr2	123370341	123383833	chr2.41875	5.94261276917187	0.0010236902559727	0.956006522383635	85	10306	0	10308	0.63	76.39	0	76.4
chr2	123384195	123394278	chr2.41876	8.08865195186376	0.00207486514918487	0.965073589209561	149	2603	249	2910	1.48	25.82	2.47	28.86
chr2	123394894	123397784	chr2.41878	5.16153576642873	0.00213976518789144	0.968561937716263	26	892	102	994	0.9	30.87	3.53	34.39
chr2	123398213	123421876	chr2.41879	4.34036458072293	0.00120711447665493	0.972811984955416	181	11405	458	11915	0.76	48.2	1.94	50.35
chr2	123422621	123423984	chr2.41881	20.9541324729554	0.00176600659246575	0.976	38	594	24	618	2.79	43.58	1.76	45.34
chr2	123424665	123448815	chr2.41885	3.05841082140513	0.00138897805166846	0.968466128364389	141	11692	778	12458	0.58	48.41	3.22	51.59
chr2	123449317	123466591	chr2.41889	3.110279519117	0.00144900084097859	0.971540465439389	263	10226	210	10478	1.52	59.2	1.22	60.66
chr2	124016041	124054928	chr2.41915	1.04267325131911	0.00075898147198724	0.974026461285262	195	19108	132	19243	0.5	49.14	0.34	49.48
chr2	124054929	124113449	chr2.41916	1.39766516690849	0.0011801554446685	0.964498684210526	924	37937	585	38507	1.58	64.83	1	65.8
chr2	124116196	124154779	chr2.41917	2.06053528534689	0.00106686462435595	0.971731876733276	464	23785	550	24460	1.2	61.65	1.43	63.4
chr2	124202021	124366243	chr2.41923	2.55900482216696	0.00113413843760223	0.973672004968884	2273	93506	2040	95617	1.38	56.94	1.24	58.22
chr2	124526655	124527727	chr2.41933	1.08409300602734	0.000360521156211562	0.975	0	474	11	485	0	44.22	1.03	45.24
chr2	124669481	124670943	chr2.41941	4.89513970918412	0.000759377976723366	0.970902872777018	58	413	0	413	3.97	28.25	0	28.25
chr2	124670987	124674124	chr2.41942	3.24235551320339	0.000457652164948454	0.971124003825311	39	1296	8	1304	1.24	41.31	0.26	41.57
chr2	124674239	124713127	chr2.41943	2.50517199859125	0.000965809433839761	0.972	806	28889	161	29078	2.07	74.29	0.41	74.77
chr2	125952191	126108361	chr2.41975	4.16617004824403	0.000845979488704389	0.953376423128642	2696	98006	1709	99669	1.73	62.76	1.09	63.82
chr2	126463137	126464374	chr2.41980	5.00438475269232	0.000295735849056604	0.964	144	1060	0	1061	11.64	85.69	0	85.77
chr2	126464754	126468545	chr2.41981	5.6324693841424	0.000428202760207016	0.964	0	664	118	782	0	17.52	3.11	20.63
chr2	126532076	126548407	chr2.41982	10.2169736768575	0.000443410121430025	0.964	223	6933	492	7373	1.37	42.45	3.01	45.15
chr2	126549041	126550486	chr2.41983	19.4216587493203	0.000500410934256055	0.964	0	163	6	163	0	11.28	0.42	11.28
chr2	126550599	126557611	chr2.41984	23.6184808709437	0.000526422915309446	0.964	141	6208	301	6509	2.01	88.53	4.29	92.83
chr2	126557729	126563645	chr2.41985	29.9811396765466	0.000422578061333905	0.964	98	5270	0	5270	1.66	89.08	0	89.08
chr2	126564062	126565309	chr2.41986	33.8463920670362	0.000672251082598236	0.964	0	70	0	70	0	5.61	0	5.61
chr2	126565372	126566040	chr2.41987	34.832884517829	0.000168550149700599	0.964	0	156	31	187	0	23.35	4.64	27.99
chr2	126566768	126568171	chr2.41989	36.5376169401445	0.000425643834640057	0.964	0	928	0	928	0	66.14	0	66.14
chr2	126570117	126618930	chr2.41990	12.0632715072489	0.000565542448512586	0.9638960727675	197	26832	592	27416	0.4	54.97	1.21	56.17
chr2	126653946	126719570	chr2.41993	1.51241970114762	0.000754411690697837	0.967905979519688	817	36254	1142	37350	1.24	55.25	1.74	56.92
chr2	126720018	126729294	chr2.41994	0.979580822962051	0.000863593478518168	0.969933160845192	0	2278	332	2610	0	24.56	3.58	28.14
chr2	126730379	126753848	chr2.41996	1.67676748933	0.00101679567157045	0.969078997826921	319	11142	343	11573	1.36	47.48	1.46	49.31
chr2	127315842	127397201	chr2.42009	10.4211466742776	0.00113001461028291	0.968547991002839	1107	58028	508	58601	1.36	71.32	0.62	72.03
chr2	127401282	127413508	chr2.42011	6.58340074447085	0.000588812776625173	0.964	129	8868	0	8868	1.06	72.53	0	72.53
chr2	127477191	127527477	chr2.42012	1.03108180244171	0.000917820163316583	0.958	835	26359	315	26697	1.66	52.42	0.63	53.09
chr2	127538808	127639034	chr2.42016	0.902214014854953	0.00165768251407664	0.953662123600663	1863	53784	1876	55792	1.86	53.66	1.87	55.67
chr2	129467773	129494668	chr2.42104	14.9260127383167	0.000894177936255647	0.968446625766871	260	15197	706	15483	0.97	56.5	2.63	57.57
chr2	134597605	134642177	chr2.42119	86.2239449880477	0.00125212436030964	0.962040092434712	667	23471	804	24239	1.5	52.66	1.8	54.38
chr2	139804141	139804752	chr2.42209	22.8807575419988	0.000852271964285714	0.956	34	611	0	611	5.56	100	0	100
chr2	139836880	139901816	chr2.42212	2.83722066813987	0.000965414095734774	0.956837116545522	843	40395	937	41715	1.3	62.21	1.44	64.24
chr2	139976037	139981738	chr2.42214	44.559862146588	0.00096675513136289	0.951565690229784	0	1833	263	2077	0	32.15	4.61	36.43
chr2	139983310	139986767	chr2.42215	63.2964183255306	0.00117278013286934	0.952	40	1716	0	1756	1.16	49.64	0	50.8
chr2	217936536	217939428	chr2.44899	8.0725687897724	0.00188155787362086	0.955480290456431	37	842	23	863	1.28	29.11	0.8	29.84
chr2	217941803	217955841	chr2.44900	15.6913339816029	0.000616773377855354	0.962495583416441	90	3760	333	4094	0.64	26.78	2.37	29.16
chr2	217969205	217980135	chr2.44903	18.1386731427683	0.00091858407464707	0.955869807868252	174	4149	587	4619	1.59	37.96	5.37	42.26
chr2	221663165	221688326	chr2.45116	3.08282198377309	0.000822437057984791	0.959989746035531	519	12026	912	12908	2.06	47.8	3.62	51.3
chr2	221779758	221820028	chr2.45126	3.67608717738826	0.000791555582928078	0.952698013409486	351	14993	3033	18026	0.87	37.23	7.53	44.76
chr2	222648262	222648512	chr2.45162	1.84767478374447	0.0012142136	0.958	0	250	0	250	0	100	0	100
chr2	224065712	224133751	chr2.45251	1.16358420432222	0.00118433996140092	0.953348652978439	1000	44159	591	44892	1.47	64.9	0.87	65.98
chr2	226790296	226832336	chr2.45359	1.9699033777357	0.000836202792720613	0.95712362036156	473	25358	650	26021	1.13	60.32	1.55	61.9
chr2	226832570	226836760	chr2.45364	1.14385785710685	0.000523484848484849	0.963	79	1526	0	1558	1.89	36.42	0	37.18
chr2	227186502	227197663	chr2.45378	3.25166375883525	0.000836464532679009	0.954953946778962	450	5233	260	5540	4.03	46.89	2.33	49.64
chr2	231467847	231500651	chr2.45522	4.57159201574385	0.00143997414268821	0.952	976	26433	9	26443	2.98	80.58	0.03	80.61
chr2	231500840	231541969	chr2.45523	2.69402621177978	0.00169161080315205	0.950754066473778	637	22388	658	23107	1.55	54.43	1.6	56.18
chr2	234486532	234492604	chr2.45599	17.3357019819862	0	-1	0	6072	0	6072	0	100	0	100
chr2	234997885	234999804	chr2.45624	3.05835311028484	0.00137696795118818	0.964	0	1670	0	1670	0	87.02	0	87.02
chr2	235000234	235000624	chr2.45631	12.5423007176919	0.000808482051282051	0.964	0	0	29	29	0	0	7.44	7.44
chr2	235000977	235006395	chr2.45634	30.0896690327789	0.00114191320951586	0.963096160944998	602	2601	44	2673	11.11	48.01	0.81	49.34
chr2	235007345	235017359	chr2.45635	4.44134310202576	0.00141982516748831	0.968265028959456	207	5610	77	5689	2.07	56.02	0.77	56.81
chr2	235018827	235024700	chr2.45637	3.84506797611952	0.0013828408045977	0.973584879959135	29	4235	0	4235	0.49	72.11	0	72.11
chr2	235025314	235025833	chr2.45642	4.42312962410911	0.00283279287090559	0.975	0	474	0	474	0	91.33	0	91.33
chr2	235026568	235075047	chr2.45650	99.3613785967738	0.00100066044834884	0.975121475277955	843	20164	518	20863	1.74	41.59	1.07	43.04
chr2	235132584	235161106	chr2.45657	3.01129497315001	0.000859483470110768	0.981332971039899	471	14939	101	15040	1.65	52.38	0.35	52.73
chr2	235184677	235192675	chr2.45663	1.41106343909685	0.000837691022964509	0.982	349	4687	0	4687	4.36	58.6	0	58.6
chr2	235193081	235194035	chr2.45664	40.2512956432603	0.00457181878453039	0.982	0	668	0	668	0	70.02	0	70.02
chr2	235194160	235212567	chr2.45667	22.5624663223883	0.00158595375730889	0.982	281	6756	63	6889	1.53	36.7	0.34	37.43
chr2	235213605	235216684	chr2.45668	2.83909736094808	0.00351052574047955	0.982	32	992	0	992	1.04	32.22	0	32.22
chr2	235217125	235220731	chr2.45669	5.189667542512	0.00144882952069717	0.982	0	1509	9	1518	0	41.85	0.25	42.1
chr2	235221052	235221515	chr2.45670	5.14456160093834	0.000671743167701863	0.982	0	172	0	172	0	37.15	0	37.15
chr2	235221850	235238041	chr2.45671	2.22168584123867	0.000982299140275463	0.982	427	7329	146	7689	2.64	45.27	0.9	47.49
chr2	235238532	235261151	chr2.45672	4.12185502601178	0.00107195917465853	0.982	953	9842	35	10679	4.21	43.51	0.15	47.21
chr2	235261364	235263218	chr2.45673	0.912976433704909	0.00120506991869919	0.982	0	380	28	390	0	20.5	1.51	21.04
chr2	235313563	235330984	chr2.45679	1.92411162727146	0.00102710284448026	0.981582802364962	338	8798	129	9069	1.94	50.5	0.74	52.06
chr2	235331539	235346971	chr2.45680	2.07430955513509	0.00112661922124498	0.982	139	6613	101	6795	0.9	42.85	0.65	44.03
chr2	235375552	235392885	chr2.45684	7.07755244946719	0.00120006776865785	0.976	96	8228	84	8339	0.55	47.47	0.48	48.11
chr2	235393411	235395179	chr2.45685	15.6813556795561	0.00077194166185805	0.976	36	1485	0	1487	2.04	83.99	0	84.11
chr2	235395594	235396699	chr2.45686	15.4279069104467	0.000900485520361991	0.975505882352941	7	724	0	731	0.63	65.52	0	66.15
chr2	235397226	235401680	chr2.45687	4.04978470536048	0.000506433244033122	0.95804557700943	86	1091	7	1184	1.93	24.49	0.16	26.58
chr2	235405749	235440511	chr2.45689	2.95413234968	0.00070035020935224	0.97837152637938	1430	13251	475	13685	4.11	38.12	1.37	39.37
chr2	235450064	235452235	chr2.45692	2.59927750872623	0.00195916570532915	0.987	44	722	0	766	2.03	33.26	0	35.28
chr2	235467921	235508320	chr2.45694	9.46220895656017	0.00159157693464974	0.987508700710414	1176	19025	169	19157	2.91	47.09	0.42	47.42
chr2	235508928	235530557	chr2.45697	6.71631560560622	0.00192193429269783	0.988	310	12834	0	12977	1.43	59.34	0	60
chr2	235639592	235640931	chr2.45701	0.927259292325026	0.00197942195121951	0.988	0	769	0	769	0	57.43	0	57.43
chr2	235641498	235668879	chr2.45702	3.72800704385316	0.00159127705298712	0.988	286	17094	33	17175	1.04	62.43	0.12	62.73
chr2	235669965	235698635	chr2.45703	1.29967506940057	0.00184014141254462	0.988	231	15777	110	15967	0.81	55.03	0.38	55.69
chr2	235698916	235699117	chr2.45704	3.5419243430173	0.00136075273631841	0.988	0	83	0	83	0	41.29	0	41.29
chr2	235699733	235701772	chr2.45706	2.32566864932171	0.00147720578413834	0.988	29	575	0	575	1.42	28.2	0	28.2
chr2	235702266	235702574	chr2.45709	1.15740461174257	0	0.988	0	6	0	6	0	1.95	0	1.95
chr2	235964359	235972416	chr2.45728	25.819397739084	0.00145054077391616	0.96016023333747	73	3970	11	3994	0.91	49.27	0.14	49.57
chr2	235973104	235973387	chr2.45729	3.34475141443714	0	0.976	0	283	0	283	0	100	0	100
chr2	235997230	236007888	chr2.45736	2.42540641966843	0.00130682250171507	0.981	400	4620	95	4777	3.75	43.35	0.89	44.82
chr2	236016317	236023185	chr2.45740	11.7713014920896	0.00137383872558316	0.988	413	4011	23	4040	6.01	58.4	0.33	58.82
chr2	236023639	236054017	chr2.45741	13.4669105570027	0.00124144400983632	0.988	1157	17968	51	18829	3.81	59.15	0.17	61.98
chr2	236056215	236070984	chr2.45742	17.3557877388844	0.000991340832874124	0.987932764574446	569	6253	86	6379	3.85	42.34	0.58	43.19
chr2	236087553	236167712	chr2.45746	1.73690788530681	0.00158257516597667	0.988	634	38324	322	38786	0.79	47.81	0.4	48.39
chr2	236178251	236278822	chr2.45748	46.0073014146041	0.00151910507721682	0.992498364339621	2801	52040	358	52904	2.79	51.74	0.36	52.6
chr2	236280111	236289128	chr2.45749	1.71360471696929	0.0016499867961935	0.994	94	5830	37	5866	1.04	64.66	0.41	65.05
chr2	236299931	236364639	chr2.45752	4.3457770193803	0.000982918723768737	0.994	1388	36511	442	36975	2.15	56.42	0.68	57.14
chr2	236364891	236398208	chr2.45753	7.04973089983811	0.00129822130454545	0.992629168292463	931	19379	261	19687	2.79	58.17	0.78	59.09
chr2	236398712	236402552	chr2.45754	17.0617048063465	0.000895268020833333	0.988	0	2781	83	2836	0	72.42	2.16	73.85
chr2	237416230	237417280	chr2.45764	1.7330021249316	0.00118745124260355	0.9646	0	99	5	104	0	9.43	0.48	9.9
chr2	237417671	237431655	chr2.45765	0.912025924495437	0.00122028263292931	0.968767019450801	571	7879	234	8154	4.08	56.34	1.67	58.31
chr2	237452131	237467000	chr2.45768	2.70203995291333	0.00194394887873161	0.960281525321138	149	5486	61	5585	1	36.9	0.41	37.56
chr2	237518003	237537505	chr2.45772	7.10613349112591	0.00174982052876298	0.964	168	4871	120	5135	0.86	24.98	0.62	26.33
chr2	237557024	237564835	chr2.45775	12.6963334746304	0.00109790123252668	0.976025348866982	44	6016	8	6024	0.56	77.02	0.1	77.12
chr2	237566370	237571275	chr2.45776	2.97752314520509	0.00198652097537879	0.981302956167176	134	1297	161	1493	2.73	26.44	3.28	30.44
chr2	237571612	237593925	chr2.45777	4.14656914436641	0.000968554174205221	0.979684309595303	432	6821	526	7305	1.94	30.57	2.36	32.74
chr2	237594460	237625046	chr2.45779	4.18400462073567	0.00139257285779922	0.985302295167724	915	9687	425	10189	2.99	31.67	1.39	33.31
chr2	237663147	237679040	chr2.45783	6.879310230803	0.000984540038392979	0.988	575	6162	190	6546	3.62	38.77	1.2	41.19
chr2	237679259	237686036	chr2.45785	2.97010724869048	0.00164024056636553	0.988	61	2262	63	2359	0.9	33.38	0.93	34.81
chr2	237686336	237689030	chr2.45786	1.04539519016388	0.00115132112346401	0.988	26	1942	0	1942	0.97	72.09	0	72.09
chr2	237692139	237767448	chr2.45791	4.30071438277606	0.00133760697419859	0.986432033355907	1580	29840	1115	31199	2.1	39.62	1.48	41.43
chr2	237767913	237769207	chr2.45792	1.05093765315353	0.00482994982698962	0.982	0	535	0	535	0	41.34	0	41.34
chr2	237770743	237782866	chr2.45793	1.28362336105821	0.00143787038879889	0.981563969314526	383	4050	202	4257	3.16	33.41	1.67	35.12
chr2	237783049	237796146	chr2.45794	1.34374460422866	0.000745284563219417	0.981839810643659	181	6782	295	7016	1.38	51.78	2.25	53.57
chr2	237796498	237799938	chr2.45795	1.01350993377483	0.00184056738137083	0.980882558139535	0	660	100	760	0	19.19	2.91	22.09
chr2	238080918	238085192	chr2.45818	1.24854727237474	0.0016650422622108	0.964	78	3223	0	3236	1.82	75.41	0	75.71
chr2	238085861	238087612	chr2.45820	0.984848873932449	0.00176075500595948	0.964	15	537	12	549	0.86	30.67	0.69	31.35
chr2	238087846	238114160	chr2.45821	2.87982164491662	0.00094408952157852	0.968291935851638	406	9246	142	9400	1.54	35.14	0.54	35.72
chr2	238114529	238147797	chr2.45827	4.43810980075602	0.000945000442624765	0.969469369965132	1804	18183	303	18578	5.42	54.66	0.91	55.84
chr2	238178461	238202589	chr2.45835	94.8771640488213	0.0017000091423399	0.96606324602122	275	12617	181	12824	1.14	52.29	0.75	53.15
chr2	238203134	238206329	chr2.45836	334.353279583331	0.001651462792187	0.958905164319249	124	1449	10	1569	3.88	45.35	0.31	49.11
chr2	238512753	238517986	chr2.45855	14.2911301018542	0.00189574225460123	0.964	338	4592	17	4609	6.46	87.75	0.32	88.08
chr2	238518218	238521619	chr2.45857	22.5682960203968	0.000854030769230769	0.964	0	3076	0	3076	0	90.44	0	90.44
chr2	239479457	239483099	chr2.45918	5.78581654293659	0.0010500053945746	0.958579901153212	0	1445	0	1445	0	39.68	0	39.68
chr2	239604687	239608462	chr2.45944	1.30792128897994	0.000686954020234292	0.974811655629139	50	200	9	259	1.32	5.3	0.24	6.86
chr2	239608599	239611244	chr2.45945	5.56364357469766	0.000798132794001579	0.975	215	378	0	593	8.13	14.29	0	22.42
chr2	239611285	239611551	chr2.45946	7.2451452470685	0.00295311390977444	0.975	0	0	0	0	0	0	0	0
chr2	239611928	239625546	chr2.45949	17.47846847839	0.000317111605807303	0.973928991041269	969	7963	270	8194	7.12	58.47	1.98	60.17
chr2	239628139	239628930	chr2.45950	16.4163383993365	0.000224574589127686	0.976	0	0	0	0	0	0	0	0
chr2	239649421	239654377	chr2.45951	1.7897797868837	0.00100159399447768	0.979999192897498	0	2261	96	2357	0	45.62	1.94	47.56
chr2	239686276	239692227	chr2.45955	3.91455739852631	0.000986706617295748	0.982	464	3798	15	4277	7.8	63.82	0.25	71.87
chr2	239692228	239693917	chr2.45956	1.13409010235212	0.00102982973158981	0.982	31	140	14	185	1.84	8.29	0.83	10.95
chr2	239719159	239753186	chr2.45963	21.5905209269557	0.000866919599514563	0.982981749786934	639	20946	338	21307	1.88	61.56	0.99	62.62
chr2	239753866	239756671	chr2.45964	2.94235239541466	0.00142737957746479	0.988	0	86	295	358	0	3.07	10.52	12.76
chr2	239795893	239798821	chr2.45965	8.01674530489792	0.00133721025362319	0.988	75	434	26	535	2.56	14.82	0.89	18.27
chr2	239799285	239801978	chr2.45967	8.41153484555873	0.00177577677383592	0.988	0	310	0	310	0	11.51	0	11.51
chr2	239832244	239832811	chr2.45968	12.2570707102457	0.0026550870259481	0.988	0	0	0	0	0	0	0	0
chr2	239835244	239840997	chr2.45969	4.95692315678933	0.00180034776214834	0.988	289	2336	0	2354	5.02	40.6	0	40.92
chr2	239847965	239895975	chr2.45970	4.09674438117664	0.00144378463619573	0.988	2353	21996	380	23595	4.9	45.82	0.79	49.15
chr2	239896177	239909257	chr2.45971	5.28109603672374	0.00162613655321448	0.988	98	9776	10	9786	0.75	74.74	0.08	74.82
chr2	239931348	239960651	chr2.45976	45.3927746555667	0.00149158989831078	0.981887588301539	2167	9299	168	10483	7.4	31.73	0.57	35.77
chr2	240340451	240357402	chr2.45982	6.90190767642729	0.000951635962537499	0.99009651348003	687	6876	705	7848	4.05	40.56	4.16	46.3
chr2	240357471	240359660	chr2.45983	5.412038216087	0.00109138179231863	0.993	0	781	0	781	0	35.68	0	35.68
chr2	240359728	240360233	chr2.45984	3.4012211274124	8.89744554455446e-05	0.992875247524752	66	66	0	72	13.07	13.07	0	14.26
chr2	240360390	240360974	chr2.45985	3.24259946782977	0.00060253647260274	0.992	0	0	135	135	0	0	23.12	23.12
chr2	240361202	240361878	chr2.45986	3.04859036744217	0.00246934837278106	0.993	0	0	0	0	0	0	0	0
chr2	240362387	240378476	chr2.45987	1.55574604939846	0.000939628400653401	0.990176518117969	1102	9394	412	9677	6.85	58.39	2.56	60.15
chr2	240393210	240418880	chr2.45990	7.74558760296071	0.00125614694163988	0.994	1158	7961	402	9317	4.51	31.01	1.57	36.3
chr2	240419273	240419864	chr2.45991	15.1007343060611	0.000839835871404399	0.994	0	0	0	0	0	0	0	0
chr2	240420252	240428690	chr2.45992	18.9371659673655	0.00165962506237525	0.994	812	654	117	1536	9.62	7.75	1.39	18.2
chr2	240429015	240449062	chr2.45994	2.40980210341794	0.00220911347897774	0.994	506	6927	115	7111	2.52	34.55	0.57	35.47
chr2	240449793	240464636	chr2.45996	4.20333853859474	0.00166535093685453	0.994	477	5520	12	5707	3.21	37.19	0.08	38.45
chr2	240465035	240465602	chr2.45997	4.0566749733697	0.000261232804232804	0.994	0	185	0	185	0	32.63	0	32.63
chr2	240466568	240479329	chr2.45998	27.3254352506687	0.000945431065059281	0.993974923595329	266	5949	36	6196	2.08	46.62	0.28	48.55
chr2	240479641	240499994	chr2.45999	3.4809534052263	0.00121997383605146	0.993947231366383	1115	6197	313	7563	5.48	30.45	1.54	37.16
chr2	240515751	240547065	chr2.46002	NA	0.000613388888076614	0.994	555	17944	0	18305	1.77	57.3	0	58.46
chr2	240552593	240563708	chr2.46003	NA	0.000635747676748402	0.994	239	2995	322	3556	2.15	26.95	2.9	31.99
chr2	240580956	240584542	chr2.46006	NA	0.000599464685436218	0.994	194	591	0	612	5.41	16.48	0	17.07
chr2	240585015	240587002	chr2.46007	NA	0.00221329910485933	0.994	0	420	0	420	0	21.14	0	21.14
chr2	240587404	240601165	chr2.46009	NA	0.000896776311390591	0.994	466	2837	83	3121	3.39	20.62	0.6	22.68
chr2	240605763	240612164	chr2.46010	NA	0.000784658204845815	0.994	66	2988	31	2988	1.03	46.68	0.48	46.68
chr2	240612674	240640330	chr2.46011	NA	0.00116439244838516	0.994	1783	14875	51	14975	6.45	53.79	0.18	54.15
chr2	240641919	240649329	chr2.46012	NA	0.000810992869322586	0.994	560	790	12	1104	7.56	10.66	0.16	14.9
chr2	240650039	240652128	chr2.46015	NA	0.000966487246376811	0.994	160	0	0	160	7.66	0	0	7.66
chr2	240652696	240654521	chr2.46017	NA	0.00167523425345044	0.994	273	282	0	287	14.96	15.45	0	15.73
chr2	240655407	240656649	chr2.46019	NA	0.000148509589041096	0.994	0	488	0	488	0	39.29	0	39.29
chr2	240657232	240658764	chr2.46020	NA	0.000312570195794054	0.994	64	0	0	64	4.18	0	0	4.18
chr2	240663436	240684553	chr2.46021	NA	0.00107039258108677	0.994	1183	7123	72	7437	5.6	33.73	0.34	35.22
chr2	240724577	240735926	chr2.46022	NA	0.00147680698324022	0.994	141	3143	22	3251	1.24	27.69	0.19	28.65
chr2	240736379	240737213	chr2.46023	NA	0.00193575623501199	0.994	40	103	79	222	4.8	12.35	9.47	26.62
chr2	240739966	240756797	chr2.46024	NA	0.00115291089304624	0.991281801437823	366	3602	22	3884	2.17	21.4	0.13	23.08
chr2	240757170	240773337	chr2.46026	NA	0.000915182993586807	0.988	42	15674	0	15674	0.26	96.95	0	96.95
chr2	240773665	240776243	chr2.46027	NA	0.00111941066718386	0.988	0	771	0	771	0	29.91	0	29.91
chr2	240776736	240780277	chr2.46030	NA	0.000456577511961723	0.988	1045	989	0	2034	29.51	27.93	0	57.44
chr2	240780760	240784132	chr2.46031	NA	0.00042101719145856	0.988	31	3132	0	3132	0.92	92.88	0	92.88
chr2	240809132	240809415	chr2.46032	NA	0.000528541860465116	0.988	0	0	0	0	0	0	0	0
chr2	240809943	240810217	chr2.46034	NA	0.00280491715328467	0.988	0	91	0	91	0	33.21	0	33.21
chr2	240821193	240827597	chr2.46036	NA	0.000536551356298885	0.988	83	3814	0	3814	1.3	59.56	0	59.56
chr2	241083979	241093961	chr2.46037	NA	0.00137589782863087	0.986603686635945	1452	4971	31	5484	14.55	49.8	0.31	54.94
chr2	241098631	241120787	chr2.46038	NA	0.00237994729831752	0.988	1194	7525	53	8144	5.39	33.96	0.24	36.76
chr2	241121100	241124493	chr2.46039	NA	0.00449270348949919	0.988	0	905	22	927	0	26.67	0.65	27.32
chr2	241125477	241133819	chr2.46040	NA	0.00132066801649242	0.989025653320547	0	4195	0	4195	0	50.29	0	50.29
chr2	241134757	241153508	chr2.46041	NA	0.00158150946962745	0.994	1421	4636	50	4926	7.58	24.72	0.27	26.27
chr2	241153948	241154856	chr2.46049	NA	0.000387247026431718	0.994	0	254	0	254	0	27.97	0	27.97
chr2	241156671	241186197	chr2.46050	NA	0.00113472374389537	0.994	2717	13324	53	14334	9.2	45.13	0.18	48.55
chr2	241186515	241191527	chr2.46051	NA	0.000922798132427844	0.994	0	576	17	593	0	11.49	0.34	11.83
chr2	241192073	241194872	chr2.46052	NA	0.00142170443385856	0.994	37	367	0	404	1.32	13.11	0	14.43
chr2	241195487	241206493	chr2.46053	NA	0.00216559730062862	0.994	204	6721	139	7051	1.85	61.07	1.26	64.07
chr2	241211128	241232412	chr2.46054	NA	0.00197452535733836	0.994	799	11850	0	12433	3.75	55.68	0	58.41
chr2	241243053	241259843	chr2.46055	NA	0.00155356629448709	0.994	1897	11119	0	11605	11.3	66.22	0	69.12
chr2	241260055	241291541	chr2.46056	NA	0.00127914052311525	0.990648605729531	771	13160	63	13353	2.45	41.8	0.2	42.41
chr2	241292091	241293780	chr2.46057	NA	0.00139235326001571	0.988	0	349	0	349	0	20.66	0	20.66
chr2	241294506	241313127	chr2.46058	NA	0.00122150106649111	0.988	1176	3778	137	4433	6.32	20.29	0.74	23.81
chr2	241321416	241323178	chr2.46059	NA	0.00164428626865672	0.988	0	653	0	653	0	37.06	0	37.06
chr2	241323698	241334282	chr2.46060	NA	0.00139065502567865	0.988	1032	2372	0	2595	9.75	22.41	0	24.52
chr2	241334914	241336091	chr2.46061	NA	0.00223364153992395	0.988	130	248	0	378	11.05	21.07	0	32.12
chr2	241336685	241365120	chr2.46063	NA	0.00154538273146675	0.988	1166	11633	113	12688	4.1	40.91	0.4	44.62
chr2	241870522	241871771	chr2.46064	NA	0.000405548999199359	0.964	37	77	47	139	2.96	6.16	3.76	11.13
chr2	241890346	241894032	chr2.46067	NA	0.00152427100944804	0.964	444	1910	0	1936	12.05	51.82	0	52.52
chr2	241932728	241938043	chr2.46068	NA	0.00141868436919265	0.952	0	200	167	367	0	3.76	3.14	6.9
