chrom	chromStart	chromEnd	id	st.recomb	st.diversity	st.bkgd	bp.simpleRepeat	bp.rmskRM327	bp.phastConsElements46wayPlacMammal	bp.allSoftRegions	perc.simpleRepeat	perc.rmskRM327	perc.phastConsElements46wayPlacMammal	perc.allSoftRegions
chr4	1478646	1489940	chr4.57275	NA	0.00114262320477307	-1	0	7344	203	7547	0	65.03	1.8	66.82
chr4	1490613	1494916	chr4.57276	NA	0.000572270801775921	-1	105	194	395	694	2.44	4.51	9.18	16.13
chr4	10900098	10905662	chr4.57329	28.0422795844288	0.00163703301573233	0.971247663551402	138	2733	168	2900	2.48	49.12	3.02	52.12
chr4	10905873	10907737	chr4.57330	10.3734532332247	0.00176392111388196	0.973075643776824	0	1839	0	1839	0	98.66	0	98.66
chr4	10936545	10947633	chr4.57333	2.82406167902251	0.00128920879587156	0.979219877344877	191	5547	110	5641	1.72	50.03	0.99	50.87
chr4	10947813	10959645	chr4.57334	6.50681290532227	0.00182331063722525	0.980692359702502	455	7131	134	7295	3.85	60.27	1.13	61.65
chr4	10973365	11020556	chr4.57344	2.45622045775429	0.00149238246814889	0.970856349727702	814	23503	792	24562	1.72	49.8	1.68	52.05
chr4	11020978	11023762	chr4.57345	5.36104404406816	0.00119347007902299	0.968424209770115	0	868	110	978	0	31.18	3.95	35.13
chr4	11024042	11030828	chr4.57346	4.72253257585724	0.00090277270564242	0.970234453286178	38	2721	78	2799	0.56	40.1	1.15	41.25
chr4	11030910	11040822	chr4.57349	5.10457960153277	0.000630074304342764	0.979178672316384	312	4044	7	4110	3.15	40.8	0.07	41.46
chr4	11043361	11055580	chr4.57350	2.87092151763522	0.00151766778287462	0.981557983468369	143	7680	48	7780	1.17	62.85	0.39	63.67
chr4	11180006	11186793	chr4.57365	3.24188461582274	0.000987214729426833	0.970824370119346	47	3598	0	3598	0.69	53.01	0	53.01
chr4	11187021	11198048	chr4.57366	6.53905212189415	0.00135048738303342	0.9749493062483	324	4561	246	4860	2.94	41.36	2.23	44.07
chr4	11278929	11279512	chr4.57378	1.68209502982709	0.00083468578313253	0.968713550600343	0	34	0	34	0	5.83	0	5.83
chr4	11440140	11441468	chr4.57398	2.08334269221534	0.000927377156862745	0.961	0	1184	0	1184	0	89.16	0	89.16
chr4	11491956	11517303	chr4.57416	2.43691160833566	0.0020344066528167	0.965049788929656	255	14166	1039	15187	1.01	55.89	4.1	59.92
chr4	11530582	11565606	chr4.57420	4.28319889375583	0.00130878130423899	0.985300879396985	300	22165	180	22387	0.86	63.29	0.51	63.92
chr4	11921312	11985169	chr4.57423	1.38683819819796	0.00139569192204463	0.981498003351238	1153	41981	576	42986	1.81	65.74	0.9	67.32
chr4	12169947	12188942	chr4.57427	4.57866633704504	0.00114536122969287	0.973746038431166	234	8678	369	9043	1.23	45.69	1.94	47.61
chr4	12189537	12225074	chr4.57428	1.10483608530474	0.000849053058890795	0.984326167093451	219	20001	736	20737	0.62	56.28	2.07	58.35
chr4	12303250	12326816	chr4.57434	5.42933487252868	0.00101036052716021	0.978083976915896	220	13214	525	13770	0.93	56.07	2.23	58.43
chr4	12880174	12887803	chr4.57448	1.56583623510311	0.0007701179949352	0.965742168042994	315	3226	775	4001	4.13	42.29	10.16	52.44
chr4	12888039	12888720	chr4.57449	2.41700800109407	0.0026038	0.977722466960352	0	474	0	474	0	69.6	0	69.6
chr4	12993404	13014849	chr4.57467	1.9795806603	0.000791596956300813	0.966915598041502	44	10829	1277	12094	0.21	50.5	5.95	56.4
chr4	13041697	13063679	chr4.57480	1.03237949105772	0.00115095286356822	0.959866072240924	508	11670	1674	13205	2.31	53.09	7.62	60.07
chr4	13063870	13098881	chr4.57481	4.2893112120157	0.00123326736256089	0.971137813829939	594	18273	1933	20113	1.7	52.19	5.52	57.45
chr4	13099816	13104044	chr4.57482	3.96421887170242	0.00101215522163787	0.973745742667928	0	1442	161	1603	0	34.11	3.81	37.91
chr4	13104604	13128392	chr4.57483	4.72134946072859	0.000895696391896938	0.962149865478392	83	13154	1550	14627	0.35	55.3	6.52	61.49
chr4	14263648	14277043	chr4.57551	6.25233069105126	0.00112577046169121	0.970115565509518	31	5634	700	6352	0.23	42.06	5.23	47.42
chr4	14298663	14303513	chr4.57552	2.33296971311923	0.000512084611048478	0.974014639175258	130	2503	0	2544	2.68	51.61	0	52.45
chr4	14303744	14304138	chr4.57555	1.48025014111408	0.000278112923076923	0.975	0	92	0	92	0	23.35	0	23.35
chr4	17109596	17117148	chr4.57610	4.5404195289673	0.00142510391345848	0.952503177966102	80	5948	183	5982	1.06	78.76	2.42	79.21
chr4	17256079	17289363	chr4.57611	44.0510174803674	0.00119790953177258	0.969598125225334	351	16489	1380	17713	1.05	49.54	4.15	53.22
chr4	17295911	17317217	chr4.57612	1.90645739947117	0.00136943711032028	0.971774852154322	153	14401	347	14737	0.72	67.59	1.63	69.17
chr4	17317571	17327189	chr4.57613	2.36674366319826	0.000661803075768942	0.960928155541693	63	2863	702	3539	0.66	29.77	7.3	36.8
chr4	17327789	17373349	chr4.57614	2.07562830194814	0.00104529002403536	0.964925504828797	566	24615	1029	25682	1.24	54.03	2.26	56.37
chr4	17374929	17390909	chr4.57615	2.85873032920663	0.000877825773280685	0.963110325406758	112	10088	627	10637	0.7	63.13	3.92	66.56
chr4	17391208	17415804	chr4.57616	11.3996107872092	0.00137105367816092	0.961321475036591	1073	14018	307	14305	4.36	56.99	1.25	58.16
chr4	17415805	17429303	chr4.57617	17.9059467924046	0.000892538675062079	0.95937553711661	131	7082	560	7709	0.97	52.47	4.15	57.11
chr4	17437087	17460237	chr4.57620	43.7922258342471	0.00173711540472106	0.953487559395248	440	19307	137	19483	1.9	83.4	0.59	84.16
chr4	18746442	18754575	chr4.57678	10.3649157233895	0.00271570132749612	0.962231157014632	0	3890	86	3976	0	47.83	1.06	48.89
chr4	18757050	18768801	chr4.57680	4.38336317909348	0.000837252330966347	0.967575525487193	103	6435	312	6753	0.88	54.76	2.66	57.47
chr4	19041936	19056907	chr4.57698	11.1251291635257	0.000874168882668533	0.959319551132189	105	5188	1229	6396	0.7	34.65	8.21	42.72
chr4	19058445	19078498	chr4.57699	2.79496214674234	0.000520388353413655	0.968124470154091	118	11297	960	12276	0.59	56.34	4.79	61.22
chr4	19086229	19087519	chr4.57700	25.8775360613796	0.00011086487804878	0.98	0	340	0	340	0	26.36	0	26.36
chr4	20242721	20251106	chr4.57707	13.1796178115848	0.000920702246904123	0.959424567680382	113	3920	156	4105	1.35	46.75	1.86	48.96
chr4	20251398	20253527	chr4.57708	3.13633941329856	0.000562152531997774	0.951975575387506	0	91	261	352	0	4.27	12.26	16.53
chr4	23314212	23321855	chr4.57748	2.92133462945653	0.000575822502693551	0.960668454795237	248	4866	95	4954	3.24	63.67	1.24	64.82
chr4	23322506	23323045	chr4.57749	4.29108484578944	0.000372977756653992	0.950192949907236	0	0	115	115	0	0	21.34	21.34
chr4	23560980	23562545	chr4.57776	12.4104891725649	0.00162634680851064	0.955709904153355	4	248	307	555	0.26	15.85	19.62	35.46
chr4	24263230	24276437	chr4.57840	4.82567295710585	0.0013700682266221	0.953592034527145	116	4530	2060	6573	0.88	34.3	15.6	49.77
chr4	24277058	24294219	chr4.57844	6.08236200494021	0.000883128237806558	0.961921508070625	234	5523	2120	7613	1.36	32.18	12.35	44.36
chr4	24399393	24403043	chr4.57887	0.956453408534702	0.000653133423388653	0.962153698630137	44	2266	21	2277	1.21	62.08	0.58	62.38
chr4	24411820	24415352	chr4.57893	6.36517884965	0.00108053859726511	0.967432899207248	0	2430	220	2650	0	68.8	6.23	75.03
chr4	24416117	24423473	chr4.57894	12.1861524872176	0.000521352958531388	0.964202691680261	30	3010	454	3464	0.41	40.92	6.17	47.09
chr4	24423935	24425916	chr4.57895	26.6845481026952	0.000596460689283791	0.958469964664311	35	51	273	329	1.77	2.57	13.78	16.61
chr4	24428100	24432187	chr4.57902	16.4853998576836	0.000881459555879141	0.964231220944458	0	2251	277	2512	0	55.08	6.78	61.46
chr4	24433222	24433565	chr4.57903	10.2136429025783	0.00105864139941691	0.969	0	234	26	234	0	68.22	7.58	68.22
chr4	24434116	24437006	chr4.57904	6.03086345636572	0.00088186508650519	0.965660207612457	0	325	823	1106	0	11.25	28.48	38.27
chr4	24441587	24448236	chr4.57905	2.22918423899079	0.000549386067370939	0.958720409084073	59	2330	1217	3547	0.89	35.04	18.3	53.35
chr4	24448760	24449739	chr4.57906	2.17947707531137	0.000671093973442288	0.956946884576098	0	0	0	0	0	0	0	0
chr4	24450315	24450551	chr4.57908	1.97836124211726	0	0.955847457627119	0	143	0	143	0	60.59	0	60.59
chr4	24454393	24457725	chr4.57911	1.02231757709822	0.000932167317487267	0.952336434573829	0	2523	9	2523	0	75.72	0.27	75.72
chr4	25473352	25478087	chr4.57988	2.69457056573614	0.00114924672354949	0.952	172	2190	24	2196	3.63	46.25	0.51	46.38
chr4	25578513	25590977	chr4.58004	1.26771100705058	0.000835495989672978	0.964	841	7648	34	7702	6.75	61.36	0.27	61.79
chr4	25591616	25610330	chr4.58006	4.68791596019037	0.000760327436548223	0.963965640696804	416	15431	67	15509	2.22	82.46	0.36	82.87
chr4	25611079	25619430	chr4.58011	2.56347428881999	0.00186490366350068	0.960668662435636	1061	6201	0	6301	12.71	74.25	0	75.45
chr4	25621093	25624401	chr4.58012	8.86382666912535	0.000930357838320679	0.956322551390568	44	907	119	1056	1.33	27.42	3.6	31.92
chr4	25966541	25970162	chr4.58035	36.7589863645097	0.00124288749553412	0.964035901684618	34	2213	24	2213	0.94	61.12	0.66	61.12
chr4	26023972	26030026	chr4.58041	2.80427433334932	0.00259030522925351	0.974	32	3126	349	3454	0.53	51.64	5.76	57.05
chr4	26030421	26040572	chr4.58042	1.77713216820474	0.000887163429895713	0.97045039897547	57	5066	570	5598	0.56	49.91	5.62	55.15
chr4	27103731	27111262	chr4.58107	17.3764310575472	0.000861624951456311	0.952898552649051	141	4880	51	4928	1.87	64.8	0.68	65.44
chr4	27368006	27374049	chr4.58116	1.41344854201652	0.000582720308043354	0.958886976667219	178	3133	268	3495	2.95	51.85	4.43	57.84
chr4	27374504	27383209	chr4.58118	4.1120099268085	0.000822097392128971	0.982827914991384	0	7232	0	7232	0	83.08	0	83.08
chr4	27383379	27446986	chr4.58120	1.82996643061365	0.000824379709221271	0.977981888785826	534	38813	1372	40111	0.84	61.02	2.16	63.06
chr4	27609863	27629195	chr4.58127	1.40652486407924	0.00100446008265886	0.977231015932133	425	9513	555	10218	2.2	49.21	2.87	52.86
chr4	27641589	27686541	chr4.58131	1.94049655080198	0.00097652675254499	0.97424641840185	479	15370	2122	16999	1.07	34.19	4.72	37.82
chr4	27687086	27701550	chr4.58132	3.55877531978994	0.00131648498514246	0.956618155420354	101	7601	242	7861	0.7	52.55	1.67	54.35
chr4	27781074	27857769	chr4.58147	2.09036567636601	0.00113618349416331	0.986439793989178	815	38162	1988	40121	1.06	49.76	2.59	52.31
chr4	27858099	27905301	chr4.58148	14.9685027932091	0.00105805060294664	0.993900088979281	530	31070	573	31348	1.12	65.82	1.21	66.41
chr4	27947136	27949682	chr4.58154	3.65774400671329	0.000819254400977995	0.967767085624509	0	180	298	478	0	7.07	11.7	18.77
chr4	27949855	27958161	chr4.58156	9.39263806338117	0.00129672462983601	0.979743679267999	138	4954	34	5027	1.66	59.64	0.41	60.52
chr4	27958510	27963969	chr4.58158	1.08001486919545	0.00130129290348743	0.991276241069793	259	4555	0	4609	4.74	83.44	0	84.43
chr4	28132192	28195820	chr4.58169	0.9309780646325	0.000908230607111414	0.975338765952097	592	38358	871	39210	0.93	60.28	1.37	61.62
chr4	28422433	28437070	chr4.58183	2.48478827421811	0.00074251392339988	0.973262280521965	162	14471	0	14473	1.11	98.87	0	98.88
chr4	28840862	28864884	chr4.58186	1.98818348001991	0.00103241566762258	0.993063192073932	553	17734	147	17847	2.3	73.82	0.61	74.29
chr4	28865281	28899150	chr4.58188	4.04387194752199	0.000860827205293401	0.984449171809029	338	13984	1213	15277	1	41.29	3.58	45.11
chr4	28904548	28927973	chr4.58193	9.31573658077509	0.000979942910811866	0.991141387406617	76	10532	606	11118	0.32	44.96	2.59	47.46
chr4	28928526	28932850	chr4.58195	20.6583084177663	0.0012282499330656	0.99200185013876	67	1268	32	1302	1.55	29.32	0.74	30.11
chr4	28934209	28935517	chr4.58196	1.64826137588285	0.0022444606613455	0.994	27	321	0	321	2.06	24.54	0	24.54
chr4	29040427	29047667	chr4.58200	3.2286183508807	0.000918949489713267	0.957834116022099	139	1665	315	2005	1.92	23	4.35	27.69
chr4	29374005	29428792	chr4.58206	0.934083641038961	0.000782006169879934	0.982167977804954	563	23456	1654	25106	1.03	42.81	3.02	45.82
chr4	29803242	29846756	chr4.58216	2.65156777742591	0.00110962746425427	0.965075699774785	1138	26212	791	27009	2.62	60.24	1.82	62.07
chr4	29846965	29945008	chr4.58217	2.23112342492663	0.0011392122093912	0.976548789816713	803	51297	1283	52702	0.82	52.32	1.31	53.75
chr4	29945149	29951440	chr4.58221	1.68673777377048	0.000631181411479105	0.992	31	2458	0	2458	0.49	39.07	0	39.07
chr4	30009489	30126486	chr4.58227	3.97550053865988	0.00118594040389729	0.983759959657085	2592	60411	939	61452	2.22	51.63	0.8	52.52
chr4	30128078	30128783	chr4.58228	2.19152634758961	0.00163642110091743	0.975476595744681	0	134	0	134	0	19.01	0	19.01
chr4	30291075	30390349	chr4.58229	0.982168558554511	0.00139879286122897	0.972801236980478	1933	48591	1833	50591	1.95	48.95	1.85	50.96
chr4	30390714	30466918	chr4.58230	5.53359500170528	0.00131047321024868	0.969333381449793	1307	38821	1142	40166	1.72	50.94	1.5	52.71
chr4	31276157	31319952	chr4.58265	7.35180046955645	0.00159379891255576	0.964893138486128	542	26993	1293	28127	1.24	61.63	2.95	64.22
chr4	31353629	31357683	chr4.58269	1.26780642011368	0.002236071801166	0.983	175	1723	84	1893	4.32	42.5	2.07	46.69
chr4	31367276	31387523	chr4.58271	39.5690389355203	0.00104372011658339	0.976366869165802	230	9045	646	9685	1.14	44.67	3.19	47.83
chr4	31407167	31446306	chr4.58273	1.1979640307985	0.00140936113266098	0.966751092260916	692	17280	1762	19062	1.77	44.15	4.5	48.7
chr4	31994331	31999000	chr4.58300	1.01689836609433	0.000890907941787942	0.985375455129578	382	3860	11	3871	8.18	82.67	0.24	82.91
chr4	32188413	32230196	chr4.58309	2.13982970213791	0.00231959464850039	0.972860086638106	927	22723	517	23556	2.22	54.38	1.24	56.38
chr4	32230669	32231648	chr4.58310	11.0965786028032	0.0015791335828877	0.98297139938713	60	69	13	117	6.13	7.05	1.33	11.95
chr4	32232150	32298442	chr4.58311	4.24542413080022	0.00209027493591277	0.966656549809932	973	23275	3050	26450	1.47	35.11	4.6	39.9
chr4	32304898	32321455	chr4.58312	1.77144600350854	0.00165026656019307	0.988994322642991	70	11743	49	11806	0.42	70.92	0.3	71.31
chr4	32575127	32637603	chr4.58317	5.35478563825659	0.00142095360560995	0.989541535949805	484	39115	1642	40576	0.77	62.61	2.63	64.95
chr4	32638297	32653040	chr4.58321	2.35173573496462	0.00303153323863636	0.985530828189649	300	7777	58	7863	2.03	52.75	0.39	53.33
chr4	32823421	32834638	chr4.58333	1.38715380950636	0.000721983603300733	-1	1417	9438	51	9545	12.63	84.14	0.45	85.09
chr4	32840638	32900645	chr4.58334	0.901181360890638	0.00129954559904955	-1	2412	27445	1551	29198	4.02	45.74	2.58	48.66
chr4	33152817	33169331	chr4.58338	1.91134848603468	0.000842377235361984	0.968368051350369	300	7893	820	8704	1.82	47.8	4.97	52.71
chr4	33573442	33575009	chr4.58351	2.7019315519687	0.000249058655126498	0.993	27	181	6	187	1.72	11.55	0.38	11.93
chr4	33575549	33643649	chr4.58352	0.983453188667515	0.000761450749879052	0.988442907488987	255	45081	975	46080	0.37	66.2	1.43	67.67
chr4	34490541	34531631	chr4.58361	3.57995211608166	0.00146189486371163	0.972550888293988	1055	23388	1216	24596	2.57	56.92	2.96	59.86
chr4	34531965	34554583	chr4.58362	7.86722746575789	0.00131347218879278	0.972590370501371	77	11674	865	12518	0.34	51.61	3.82	55.35
chr4	34555357	34556408	chr4.58363	25.8935368609589	0	0.9650675547098	0	1051	0	1051	0	100	0	100
chr4	34556535	34586108	chr4.58364	16.0324103517934	0.000807740347483024	0.963930984343827	552	13938	900	14969	1.87	47.13	3.04	50.62
chr4	35094344	35120759	chr4.58372	4.21694572690333	0.00102230070007584	0.979858262350937	888	16789	69	16995	3.36	63.56	0.26	64.34
chr4	36652677	36663600	chr4.58419	23.367858718665	0.00075647447786132	0.955484665384967	120	7370	269	7682	1.1	67.47	2.46	70.33
chr4	36663727	36665975	chr4.58420	82.3044072315584	0.000709265689418232	0.955177935943061	39	315	0	315	1.73	14.01	0	14.01
chr4	36666700	36671762	chr4.58422	54.3868381238044	0.00050966602	0.95546305807981	0	1603	202	1805	0	31.67	3.99	35.66
chr4	37022328	37038663	chr4.58432	0.991848601616808	0.0013900319086547	0.954011325374962	364	9093	309	9356	2.23	55.67	1.89	57.28
chr4	37038799	37074202	chr4.58433	3.08679567240429	0.00171506184528869	0.956428833714656	818	14981	1394	16436	2.31	42.32	3.94	46.43
chr4	37127046	37130817	chr4.58436	5.80961636038571	0.000948894841703057	0.950599310527711	0	3575	0	3575	0	94.8	0	94.8
chr4	37239014	37241822	chr4.58442	6.17394684969049	0.000722261701308699	0.962839387464387	36	759	98	893	1.28	27.03	3.49	31.8
chr4	37242820	37243531	chr4.58443	10.9440949130196	0.000490869198312236	0.952725738396625	0	129	6	135	0	18.14	0.84	18.99
chr4	37691964	37701516	chr4.58451	2.50880527861586	0.00115858248772504	0.958	202	4908	49	4960	2.11	51.38	0.51	51.93
chr4	37711316	37774187	chr4.58458	3.02050092678022	0.000954210050536827	0.950831241748978	982	37001	649	37746	1.56	58.85	1.03	60.04
chr4	38240317	38251024	chr4.58487	1.78223848041876	0.00168296114369501	0.952	635	8035	148	8162	5.93	75.04	1.38	76.23
chr4	38265996	38286968	chr4.58489	9.0219528255527	0.00082424393277104	0.950777465191684	441	9608	430	10075	2.1	45.81	2.05	48.04
chr4	38287340	38288614	chr4.58490	14.5876583388055	0.00117319914310197	0.951310832025118	40	612	0	648	3.14	48.04	0	50.86
chr4	38289112	38321519	chr4.58491	1.33506315241403	0.00095306540316761	0.951148887586015	508	20994	1477	22478	1.57	64.78	4.56	69.36
chr4	58665726	58720379	chr4.59226	23.8850867507384	0.00102757679895689	0.972861617843485	549	30889	1929	32543	1	56.52	3.53	59.54
chr4	58906847	58920844	chr4.59234	5.33749231962246	0.00086474424	0.971798814031578	0	5961	365	6235	0	42.59	2.61	44.55
chr4	58921079	58942854	chr4.59235	2.87376569382987	0.00156207137475333	0.979755407577497	180	12860	524	13306	0.83	59.06	2.41	61.11
chr4	59002632	59026865	chr4.59242	1.89013837688442	0.000926784232315354	0.969723104857013	379	15095	661	15766	1.56	62.29	2.73	65.06
chr4	59177075	59329580	chr4.59247	5.30552118492136	0.00133247219296274	0.965452686797154	2164	98528	1843	100477	1.42	64.61	1.21	65.88
chr4	59329879	59333531	chr4.59251	1.23428968089429	0.000544857523809524	0.96521139101862	632	2712	286	2998	17.31	74.26	7.83	82.09
chr4	59435592	59451617	chr4.59254	5.94842445965667	0.00136908519777083	0.975325928237129	133	11735	102	11837	0.83	73.23	0.64	73.87
chr4	59452379	59498105	chr4.59257	23.6002660440068	0.000896537187145947	0.967159471635393	641	25465	992	26537	1.4	55.69	2.17	58.03
chr4	60018604	60038610	chr4.59283	4.27933788250547	0.00168718489981545	0.96719689093272	699	13740	128	13933	3.49	68.68	0.64	69.64
chr4	60137779	60138522	chr4.59289	1.3012331253929	0.000433864602960969	0.985	0	498	0	498	0	67.03	0	67.03
chr4	60143668	60149932	chr4.59290	1.10281397554367	0.00116923046931408	0.986787835249042	0	5914	0	5914	0	94.41	0	94.41
chr4	60262513	60288871	chr4.59295	1.37199228986807	0.00161336302768166	0.984004438880036	176	12192	76	12285	0.67	46.26	0.29	46.61
chr4	60294403	60324903	chr4.59296	1.61728913487231	0.00167701020975135	0.985873081967213	546	15558	140	15706	1.79	51.01	0.46	51.5
chr4	60496044	60506764	chr4.59299	2.22301612767054	0.000769540056022409	0.984482462686567	40	8328	134	8462	0.37	77.69	1.25	78.94
chr4	60574224	60586105	chr4.59308	4.08451444166933	0.0013095585018642	0.965363100749095	45	4563	521	5073	0.38	38.41	4.39	42.7
chr4	60586122	60589085	chr4.59309	21.5828263106718	0.00822883333333333	0.976442794465069	19	2957	0	2963	0.64	99.8	0	100
chr4	60589220	60633533	chr4.59310	14.2002502080041	0.00159371415260243	0.970497664342292	519	22868	614	23328	1.17	51.61	1.39	52.64
chr4	60668113	60744432	chr4.59312	8.30865286215915	0.00108483519994918	0.981006996947025	982	41589	718	42403	1.29	54.49	0.94	55.56
chr4	60746312	60798168	chr4.59315	2.38857176913584	0.000972659017328888	0.97996906818883	1483	38223	56	38426	2.86	73.71	0.11	74.1
chr4	60798899	60816142	chr4.59316	1.77794766444655	0.00106122039049788	0.986086063909992	342	8692	254	8939	1.98	50.41	1.47	51.84
chr4	60818173	60824692	chr4.59317	3.12789016625857	0.000868900460251046	0.987	0	4717	0	4717	0	72.36	0	72.36
chr4	60824807	60837929	chr4.59318	2.21696836015222	0.00145130507890441	0.986714753848499	173	8880	89	8953	1.32	67.67	0.68	68.23
chr4	60838109	60883427	chr4.59319	0.972045916644387	0.00169096071141531	0.98543841299263	245	24121	772	24900	0.54	53.23	1.7	54.95
chr4	61334710	61366375	chr4.59331	25.0870303915894	0.00174465458155673	0.98563900205274	124	19076	296	19390	0.39	60.24	0.93	61.23
chr4	61366859	61368479	chr4.59333	43.596961829398	0.00263783739629866	0.988	17	167	8	182	1.05	10.31	0.49	11.23
chr4	61369492	61385386	chr4.59336	25.2375345464606	0.00140358632825719	0.978780860702152	504	10680	397	11078	3.17	67.2	2.5	69.7
chr4	61505304	61568712	chr4.59344	1.67146915353409	0.00105424213952707	0.97361400769619	732	30360	874	31506	1.15	47.88	1.38	49.69
chr4	63301947	63376077	chr4.59369	29.5997980060827	0.0012603871356868	0.950136031296371	980	43630	1274	44684	1.32	58.86	1.72	60.28
chr4	63377303	63379752	chr4.59370	22.5520339704909	0.00135568848451928	0.97	30	1541	49	1592	1.22	62.92	2	65.01
chr4	63686319	63709704	chr4.59381	1.06864513209611	0.00115368258361086	0.974513106692324	428	13247	332	13551	1.83	56.65	1.42	57.95
chr4	63710225	63726347	chr4.59385	1.43677981226196	0.00202400729267506	0.974185336806848	578	6424	359	7009	3.59	39.85	2.23	43.47
chr4	64088094	64098130	chr4.59393	3.05924073881281	0.00171174976255088	0.958894978078916	147	7339	0	7339	1.46	73.13	0	73.13
chr4	64098473	64134243	chr4.59394	4.76620399730785	0.0016285902866242	0.968992228124126	368	20502	592	21187	1.03	57.32	1.66	59.23
chr4	64255202	64333742	chr4.59400	1.92601732919238	0.00108619316163269	0.968909001782531	1158	43392	666	44206	1.47	55.25	0.85	56.28
chr4	64464550	64552323	chr4.59405	1.27997193003701	0.00180575464126581	0.966666754013193	978	39123	742	40052	1.11	44.57	0.85	45.63
chr4	65513724	65577498	chr4.59432	1.55556167923437	0.00216870755180063	0.95776476306959	750	32863	1575	34633	1.18	51.53	2.47	54.31
chr4	66724597	66725273	chr4.59478	3.66684092351495	0.00115712442105263	0.956	0	379	0	379	0	56.07	0	56.07
chr4	67015858	67020942	chr4.59485	159.975252742563	0.00110531869094261	0.959324350904799	44	4833	0	4833	0.87	95.06	0	95.06
chr4	67021509	67022667	chr4.59486	226.073026898351	0.00036984829424307	0.962	0	1091	0	1091	0	94.21	0	94.21
chr4	67023185	67026277	chr4.59487	273.44190355067	0.000860232994717594	0.962	31	2478	0	2478	1	80.14	0	80.14
chr4	67027045	67028424	chr4.59490	327.271801781936	0.00126752066715011	0.962	0	0	68	68	0	0	4.93	4.93
chr4	67028951	67041567	chr4.59494	159.548929618203	0.00108348843194985	0.965978202282815	176	6238	135	6363	1.4	49.45	1.07	50.44
chr4	67089164	67106615	chr4.59499	5.26281442175825	0.00117674326069411	0.96092945962982	421	10369	194	10585	2.41	59.42	1.11	60.66
chr4	67195467	67205561	chr4.59505	1.76055695049777	0.0006803124303233	0.964063106796117	0	3895	42	3937	0	38.59	0.42	39
chr4	67230221	67329429	chr4.59507	1.52379971859091	0.00143267645952633	0.955923433594065	913	61235	1812	63217	0.92	61.72	1.83	63.72
chr4	67339234	67379560	chr4.59510	1.09304582210286	0.000927472347024551	0.961753583296137	487	17244	751	18099	1.21	42.76	1.86	44.88
chr4	67598765	67659410	chr4.59519	2.7454639022587	0.00132796336653083	0.961963063731553	825	35877	1818	37786	1.36	59.16	3	62.31
chr4	67665084	67683644	chr4.59521	1.76240356815871	0.00107500985818704	0.95034375	214	7315	1103	8450	1.15	39.41	5.94	45.53
chr4	96473608	96475196	chr4.60320	1.17700681831959	0.000670355415617128	0.952629093198992	0	683	253	936	0	43.01	15.93	58.94
chr4	96475296	96508500	chr4.60321	1.29762050555313	0.000903947982695383	0.965172087700277	545	23832	408	24339	1.64	71.77	1.23	73.3
chr4	96615985	96701136	chr4.60337	28.9954703979906	0.00144174445326855	0.957726368451339	365	52610	1960	54528	0.43	61.78	2.3	64.04
chr4	97898025	97934543	chr4.60373	13.5791083838177	0.00103614373554534	0.950626595103784	436	16444	1345	17741	1.19	45.03	3.68	48.58
chr4	104852186	104882775	chr4.60531	6.0619378403031	0.000687466163976211	0.954133512046814	1219	25614	22	25636	3.99	83.74	0.07	83.81
chr4	111188141	111268494	chr4.60719	5.22678257277707	0.00134331472839239	0.951267183552574	1452	51570	212	51779	1.81	64.18	0.26	64.44
chr4	111778288	111800954	chr4.60729	96.9133385292705	0.00108745219251337	0.958370819729992	164	11981	972	12960	0.72	52.86	4.29	57.18
chr4	111930698	111941555	chr4.60748	1.55109884789799	0.000596738395218967	0.964802984249793	298	3015	1086	4236	2.74	27.77	10	39.02
chr4	112242626	112257279	chr4.60763	2.71364852075329	0.00118986873434125	0.953851156759708	0	11013	619	11406	0	75.16	4.22	77.84
chr4	115232933	115254417	chr4.60870	11.5196500422758	0.000916107113587936	0.951344814745857	88	9074	61	9135	0.41	42.24	0.28	42.52
chr4	115286053	115289395	chr4.60871	49.1101685325065	0.000936515546772068	0.952	29	1337	20	1357	0.87	40.01	0.6	40.6
chr4	117221476	117250620	chr4.60948	2.60795056493962	0.00120024005473318	0.957116662091683	305	12659	15	12908	1.05	43.44	0.05	44.29
chr4	117252090	117275037	chr4.60949	5.21429187314048	0.00126489506948878	0.957156578201944	95	11670	94	11794	0.41	50.86	0.41	51.4
chr4	117692847	117781865	chr4.60974	0.906235135081818	0.000934528022583097	0.957298276753016	814	53188	181	53523	0.91	59.75	0.2	60.13
chr4	118026764	118068450	chr4.60978	8.93635183918306	0.000838982537333513	0.953136064865902	708	31287	25	31372	1.7	75.05	0.06	75.26
chr4	118068898	118131463	chr4.60979	4.20093936772349	0.00103984173780897	0.954788172300807	997	38757	294	39279	1.59	61.95	0.47	62.78
chr4	118215853	118235752	chr4.60981	7.72258271535	0.000697453245840169	0.951771295039952	636	9114	33	9340	3.2	45.8	0.17	46.94
chr4	118297615	118307914	chr4.60984	2.28136900839777	0.00108698672246332	0.952	68	5560	297	5860	0.66	53.99	2.88	56.9
chr4	126946082	126989419	chr4.61214	1.69722494704488	0.00144673436437041	0.953981447723654	260	27611	1273	28802	0.6	63.71	2.94	66.46
chr4	127121218	127136791	chr4.61234	1.30314037361689	0.000635938317303021	0.950392474153984	90	8441	341	8853	0.58	54.2	2.19	56.85
chr4	127137530	127249665	chr4.61236	1.20731581316631	0.000876377982106329	0.955777839211664	1403	49620	2092	51734	1.25	44.25	1.87	46.14
chr4	127253870	127309788	chr4.61238	5.84408911259456	0.00118716539681188	0.95225074215816	462	25272	1467	26297	0.83	45.19	2.62	47.03
chr4	129598971	129638508	chr4.61346	1.56347796765321	0.000504216256474083	0.951148797329084	1017	26983	1008	27805	2.57	68.25	2.55	70.33
chr4	129639853	129652814	chr4.61349	3.98036852429351	0.000487072736351531	0.950985186328215	281	6904	786	7639	2.17	53.27	6.06	58.94
chr4	129653173	129657744	chr4.61350	2.14627427631711	0.00129328849887976	0.952	200	3173	28	3202	4.38	69.42	0.61	70.05
chr4	130545871	130585200	chr4.61387	3.55459192649791	0.00163783219670439	0.952163594294287	162	25571	1023	26685	0.41	65.02	2.6	67.85
chr4	131046777	131166536	chr4.61409	4.6734326785621	0.00120843913859588	0.970335482093204	1510	70356	2558	73327	1.26	58.75	2.14	61.23
chr4	131194541	131226571	chr4.61411	0.923568650187281	0.000771913968133796	0.972129971901342	835	11288	1159	12505	2.61	35.24	3.62	39.04
chr4	131746546	131802192	chr4.61438	1.07210232444751	0.00123588745241188	0.987	774	35496	348	35824	1.39	63.79	0.63	64.38
chr4	134361448	134388380	chr4.61457	5.80149736333972	0.000792537336969409	0.957453475419576	299	14671	833	15659	1.11	54.47	3.09	58.14
chr4	134388585	134392070	chr4.61459	2.01908935747423	0.00108939587378641	0.966787087517934	0	1031	92	1074	0	29.58	2.64	30.82
chr4	134488833	134562086	chr4.61478	1.23258706467667	0.000762585644205219	0.966064666293531	533	37922	1771	39569	0.73	51.77	2.42	54.02
chr4	134713226	134720108	chr4.61484	1.63347804267306	0.00114555568639603	0.969918337692531	26	1892	33	1925	0.38	27.49	0.48	27.97
chr4	135945983	135966552	chr4.61496	66.1931515098665	0.00124094535782055	0.980508872575235	110	11038	634	11658	0.53	53.66	3.08	56.68
chr4	136013570	136018165	chr4.61502	5.82271922192324	0.00217106856645097	0.953575625680087	102	702	0	753	2.22	15.28	0	16.39
chr4	136018823	136034186	chr4.61503	5.5451380106929	0.00186626138300929	0.965672394714574	269	7359	349	7839	1.75	47.9	2.27	51.03
chr4	136262767	136292260	chr4.61533	0.973757225434	0.000460238655747603	0.97362363950768	99	13362	591	13861	0.34	45.31	2	47
chr4	136312543	136328385	chr4.61537	1.39727658511391	0.000657596398802298	0.96910162858225	189	7095	257	7418	1.19	44.79	1.62	46.82
chr4	136511660	136515088	chr4.61543	1.48952250080435	0.000815324445740957	0.986	0	1398	39	1437	0	40.78	1.14	41.92
chr4	136527281	136603843	chr4.61544	2.79116709689237	0.000978056666191866	0.986043259058018	1932	49091	289	49658	2.52	64.12	0.38	64.86
chr4	136604773	136643681	chr4.61545	9.56096975571816	0.000595743126963963	0.985218721085638	380	17821	799	18691	0.98	45.8	2.05	48.04
chr4	136650178	136679961	chr4.61546	24.3549457666466	0.00143529573889024	0.977158983312628	300	13487	1218	14738	1.01	45.28	4.09	49.48
chr4	136727059	136787827	chr4.61550	1.32761600422322	0.000966310443253775	0.983577392706688	517	29757	1385	31243	0.85	48.97	2.28	51.41
chr4	137316724	137336413	chr4.61559	1.10450319347969	0.000529732152327221	0.959320635888059	503	5582	441	6108	2.55	28.35	2.24	31.02
chr4	137336889	137356103	chr4.61560	4.53284561756348	0.000791003120281832	0.978333819090247	269	8093	1148	9115	1.4	42.12	5.97	47.44
chr4	137356240	137359046	chr4.61561	10.5834696036864	0.000473491307550645	0.983	44	966	0	1006	1.57	34.43	0	35.85
chr4	137364851	137411225	chr4.61562	6.83782842932097	0.00119868831793938	0.979610967352396	1019	24739	1212	25885	2.2	53.35	2.61	55.82
chr4	137498637	137551856	chr4.61568	3.09331080079586	0.00151145707308858	0.962002611849151	844	29153	1013	30012	1.59	54.78	1.9	56.39
chr4	137552186	137600589	chr4.61569	0.943353496011309	0.00131520608135225	0.983765241823854	255	29353	722	29760	0.53	60.64	1.49	61.48
chr4	137600980	137628473	chr4.61570	2.26872817147736	0.00104547398574206	0.983018368311934	186	13413	886	14177	0.68	48.79	3.22	51.57
chr4	137628881	137650013	chr4.61571	3.35583448898912	0.0015833126650625	0.9799785159947	73	13929	205	14166	0.35	65.91	0.97	67.04
chr4	137698875	137717056	chr4.61583	2.12127960538522	0.000566612322427203	0.967890930091854	97	6697	567	7291	0.53	36.84	3.12	40.1
chr4	137717506	137717876	chr4.61584	1.81417730681125	8.74126923076923e-05	0.971	0	232	0	232	0	62.7	0	62.7
chr4	139358023	139388090	chr4.61623	6.49910762997269	0.000892772679332784	0.952046961785346	189	15330	982	16203	0.63	50.99	3.27	53.89
chr4	139485490	139492422	chr4.61632	1.87381941200106	0.00166258011139476	0.960376370455857	942	3818	539	4393	13.59	55.08	7.78	63.37
chr4	139556352	139585878	chr4.61636	1.97255503802215	0.00142134477030588	0.950153627311522	65	9550	2864	12296	0.22	32.34	9.7	41.64
chr4	157142771	157205227	chr4.62298	4.87356193992125	0.00095677158498137	0.952004675291405	414	33319	1419	34723	0.66	53.35	2.27	55.6
chr4	157307047	157359344	chr4.62306	2.15312205902912	0.000762081207638762	0.955053024074039	471	28166	519	28704	0.9	53.86	0.99	54.89
chr4	157359724	157406056	chr4.62307	0.978425415605241	0.00165288946319316	0.95495210653544	435	23242	253	23588	0.94	50.16	0.55	50.91
chr4	161272267	161345333	chr4.62516	2.24907812822499	0.00101084095382775	0.974949073440451	1789	35234	1378	36443	2.45	48.22	1.89	49.88
chr4	161552164	161593812	chr4.62518	3.12903225806	0.000863300723140496	0.967459878025355	1804	25166	466	25682	4.33	60.43	1.12	61.66
chr4	162109687	162152645	chr4.62527	2.44859594993308	0.00115375905334335	0.967988942688207	296	20558	444	21172	0.69	47.86	1.03	49.29
chr4	162235875	162263689	chr4.62531	14.579349900621	0.00132396904043195	0.957655065794204	76	17203	58	17239	0.27	61.85	0.21	61.98
chr4	163214648	163231847	chr4.62539	2.61219841937401	0.00273168532746	0.982	431	7675	490	8280	2.51	44.62	2.85	48.14
chr4	163233308	163244422	chr4.62540	5.48244672481631	0.00222075393962407	0.982	131	6381	0	6381	1.18	57.41	0	57.41
chr4	163296857	163313728	chr4.62545	1.08109469887633	0.00220280293106027	0.988	534	7535	285	7930	3.17	44.66	1.69	47
chr4	163388853	163393216	chr4.62550	4.44928501561662	0.00174229750929368	0.988	35	1898	263	2161	0.8	43.5	6.03	49.53
chr4	163396889	163462321	chr4.62551	20.9304832866395	0.000952175161353033	0.987993550556303	916	34998	595	35761	1.4	53.49	0.91	54.65
chr4	163663517	163743826	chr4.62562	1.461607964528	0.00100908455563527	0.985389844226674	1591	36219	379	37149	1.98	45.1	0.47	46.26
chr4	163761128	163774306	chr4.62564	6.92586941574867	0.000401081545343636	0.97380641979056	0	4154	85	4239	0	31.52	0.65	32.17
chr4	163774892	163797475	chr4.62566	3.08061845425062	0.000620275898793401	0.976836381348802	150	11716	173	11889	0.66	51.88	0.77	52.65
chr4	163799184	163803435	chr4.62568	1.81456573459206	0.00171568413242009	0.982	0	1512	0	1512	0	35.57	0	35.57
chr4	163803550	163826493	chr4.62570	1.13919184092546	0.00156544928556308	0.982	394	15451	71	15566	1.72	67.35	0.31	67.85
chr4	163826494	163913055	chr4.62571	0.983713736898412	0.000811635579411483	0.980843255045575	1198	50249	622	50926	1.38	58.05	0.72	58.83
chr4	163913408	163917889	chr4.62573	4.68800221362466	0.000565243847376789	0.980642713679982	36	2609	63	2662	0.8	58.22	1.41	59.41
chr4	163918753	163926038	chr4.62574	2.99242442875019	0.000311462452687358	0.978599176389842	25	6155	0	6155	0.34	84.49	0	84.49
chr4	163926776	163933653	chr4.62576	1.07653770544229	0.000829090824164418	0.975341573360477	66	4340	0	4342	0.96	63.11	0	63.14
chr4	163934957	163954460	chr4.62577	2.26817379894579	0.000727107525766513	0.976	72	10980	123	11151	0.37	56.3	0.63	57.18
chr4	163969941	163979618	chr4.62583	4.22883589022314	0.0010114477622628	0.976	123	5319	71	5433	1.27	54.97	0.73	56.14
chr4	163980136	164001603	chr4.62584	11.2596891952675	0.000865221662201732	0.974174873060977	345	17225	0	17225	1.61	80.24	0	80.24
chr4	165362297	165450390	chr4.62631	3.43083182982165	0.00113982800376482	0.970414891081017	1146	53149	2517	55795	1.3	60.33	2.86	63.34
chr4	165450913	165471282	chr4.62632	4.01682306363472	0.000803211515453639	0.968724630566056	76	11339	544	11883	0.37	55.67	2.67	58.34
chr4	165471494	165500437	chr4.62633	1.35091880456778	0.00144849992793831	0.984040113326193	64	19961	849	20821	0.22	68.97	2.93	71.94
chr4	165500666	165532029	chr4.62634	16.30477467812	0.00112218352717064	0.981161878646813	357	20893	390	21368	1.14	66.62	1.24	68.13
chr4	165587340	165641338	chr4.62636	1.83187368349737	0.0016397268923855	0.971508907737324	257	29691	931	30621	0.48	54.99	1.72	56.71
chr4	165643860	165648871	chr4.62637	2.63529416751911	0.00126282665796912	0.96740490919976	122	424	11	557	2.43	8.46	0.22	11.12
chr4	165658284	165675282	chr4.62642	1.82390034659	0.0014633761898875	0.974504882927403	182	13372	86	13458	1.07	78.67	0.51	79.17
chr4	165732844	165736136	chr4.62648	7.97371105575154	0.000649563918367347	0.973	25	869	34	903	0.76	26.4	1.03	27.43
chr4	165736734	165776328	chr4.62649	13.579016254587	0.00117163288115075	0.973624008688185	2175	20771	716	21683	5.49	52.46	1.81	54.76
chr4	165776668	165798155	chr4.62651	3.28205273737423	0.00117734704337445	0.954130404430586	1169	10694	518	11219	5.44	49.77	2.41	52.21
chr4	165976350	165977080	chr4.62652	4.69535898396346	0	0.952	0	491	0	491	0	67.26	0	67.26
chr4	165977317	165979487	chr4.62653	5.3785043574819	0.0010784460456942	0.952	31	1201	0	1201	1.43	55.35	0	55.35
chr4	165979595	165980279	chr4.62654	6.0000978064154	9.73894736842105e-05	0.952	0	0	0	0	0	0	0	0
chr4	166586887	166594738	chr4.62688	11.5352467064035	0.00109329390574215	0.95173328238441	156	1097	386	1486	1.99	13.97	4.92	18.93
chr4	166594774	166605790	chr4.62689	20.5278405089632	0.000725611660018411	0.95465813362382	104	4785	395	5076	0.94	43.44	3.59	46.08
chr4	167304143	167310073	chr4.62699	2.23531718695732	0.00130929384324438	0.957	36	2326	175	2511	0.61	39.22	2.95	42.34
chr4	167459995	167483178	chr4.62702	1.40991742975397	0.00150305476220275	0.968888927231161	34	14117	84	14223	0.15	60.89	0.36	61.35
chr4	167483409	167501125	chr4.62703	1.91425393948086	0.00168713391659376	0.969	178	11363	74	11472	1	64.14	0.42	64.76
chr4	167505003	167653910	chr4.62704	13.8656398891166	0.000933146126003846	0.96750901569436	3908	84863	1233	86338	2.62	56.99	0.83	57.98
chr4	168190991	168194613	chr4.62705	7.62738420935575	0.000312028472222222	0.976	0	3379	14	3393	0	93.29	0.39	93.68
chr4	168194782	168228060	chr4.62711	6.06876745133477	0.000526063840838928	0.977988160346175	390	22542	154	22861	1.17	67.74	0.46	68.7
chr4	168605653	168616719	chr4.62714	10.8905480832215	0.000922217980400511	0.975272004337611	87	3477	261	3765	0.79	31.42	2.36	34.02
chr4	169401694	169408893	chr4.62734	5.9346695791319	0.000729930191256831	0.962927351020975	0	3170	0	3170	0	44.03	0	44.03
chr4	169409212	169410026	chr4.62735	11.9046538866906	0.000709112431693989	0.961557739557739	0	315	1	316	0	38.7	0.12	38.82
chr4	171915803	171947855	chr4.62809	1.07753075723894	0.00120896748482061	0.955916541869462	526	17862	354	18291	1.64	55.73	1.1	57.07
chr4	171949040	171961391	chr4.62810	1.23898092198582	0.00056401989744733	0.95763768115942	35	7450	166	7616	0.28	60.32	1.34	61.66
chr4	171980311	172012203	chr4.62812	2.16202542254491	0.000673058519485363	0.965106515740625	974	19020	284	19319	3.05	59.64	0.89	60.58
chr4	172012608	172095464	chr4.62814	0.993369262246092	0.00106206237235827	0.969930771458917	554	46780	855	47778	0.67	56.46	1.03	57.66
chr4	172139967	172140536	chr4.62817	1.05591471868909	0.000993201320132013	0.968	0	398	0	398	0	69.95	0	69.95
chr4	172140940	172153044	chr4.62818	1.14552498201131	0.00169468643883589	0.95821026107072	293	6722	43	6812	2.42	55.54	0.36	56.28
chr4	172417017	172436866	chr4.62825	0.908184782864423	0.000962284827860019	0.974	126	12741	153	12884	0.63	64.19	0.77	64.91
chr4	172437332	172450166	chr4.62827	1.82335589496319	0.000811790358445255	0.974	270	8035	9	8121	2.1	62.61	0.07	63.28
chr4	172450491	172474150	chr4.62828	3.32248831335003	0.000689071826297473	0.969989095058963	548	13815	85	14020	2.32	58.39	0.36	59.26
chr4	172474385	172485122	chr4.62829	1.49640212113177	0.000710643914528032	0.967786998230418	32	3985	111	4096	0.3	37.11	1.03	38.15
chr4	172485423	172489417	chr4.62831	1.67936263622414	0.00219973398876405	0.971	53	936	91	1080	1.33	23.44	2.28	27.04
chr4	174555549	174663660	chr4.62892	1.47209032085102	0.000987221647257013	0.95043794803489	963	60311	4470	64632	0.89	55.79	4.13	59.78
chr4	174664108	174677245	chr4.62893	1.11706606944221	0.00074494188034188	0.954155667199513	126	4889	1093	5972	0.96	37.22	8.32	45.46
chr4	174677455	174765790	chr4.62894	1.83513584703699	0.000782028647553287	0.951089194543498	1126	45811	6119	51645	1.27	51.86	6.93	58.46
chr4	175916296	175946573	chr4.62968	11.9482939615206	0.000975002715279444	0.956602899891006	403	20295	175	20566	1.33	67.03	0.58	67.93
chr4	175946927	175958964	chr4.62971	19.1835707497338	0.00116839683116883	0.964039378582703	359	9025	0	9026	2.98	74.98	0	74.99
chr4	175960619	176030571	chr4.62973	2.94559498314233	0.000902334949556058	0.97	1096	46838	152	47142	1.57	66.96	0.22	67.39
chr4	176095872	176137410	chr4.62977	2.46806672624	0.00167347397369332	0.97	501	26563	141	26754	1.21	63.95	0.34	64.41
chr4	176142136	176235449	chr4.62978	1.05840087959286	0.000745428555356104	0.967784231564733	1775	42013	524	42943	1.9	45.02	0.56	46.02
chr4	176329362	176355713	chr4.62994	1.93210299044466	0.00107907973083568	0.963121665211946	405	15796	33	15877	1.54	59.94	0.13	60.25
chr4	176356272	176378430	chr4.62995	3.18095337373263	0.00169785381918064	0.963111065980684	472	16813	120	17083	2.13	75.88	0.54	77.1
chr4	176379205	176379439	chr4.62996	1.97872012769638	0	0.964	0	205	0	205	0	87.61	0	87.61
chr4	176379665	176385773	chr4.62997	1.64702941593795	0.000385836865079365	0.959484282907662	86	4966	0	4966	1.41	81.3	0	81.3
chr4	177312605	177331053	chr4.63008	5.63002223345111	0.000914449088242795	0.969932133564614	56	12505	215	12515	0.3	67.79	1.17	67.84
chr4	177401173	177532043	chr4.63011	5.48690996868976	0.00114260171947183	0.960614105600978	1500	60900	2618	63815	1.15	46.53	2	48.76
chr4	177532857	177574941	chr4.63016	2.3202433845888	0.000960574382386084	0.962120948579032	560	18261	678	18989	1.33	43.39	1.61	45.12
chr4	177829226	177850461	chr4.63027	1.18882447572892	0.0013450019886823	0.960610925359077	388	14104	172	14304	1.83	66.42	0.81	67.36
chr4	177870035	178005846	chr4.63029	32.3021718094734	0.0010555243805784	0.96661797645257	2288	71881	2253	74050	1.68	52.93	1.66	54.52
chr4	178113014	178119451	chr4.63033	10.4508116687985	0.0015330976	0.975383874475687	263	4404	52	4404	4.09	68.42	0.81	68.42
chr4	178120943	178144172	chr4.63034	15.5941280722776	0.000958797911567106	0.964258513065565	227	12220	371	12575	0.98	52.61	1.6	54.13
chr4	178144954	178156676	chr4.63038	1.01580132831138	0.00125920697732682	0.980334499232213	358	5592	158	5759	3.05	47.71	1.35	49.13
chr4	178157399	178163692	chr4.63039	1.43957705871182	0.000388378503822352	0.970651040839027	87	2697	252	2949	1.38	42.86	4	46.86
chr4	178625187	178649058	chr4.63040	39.0078513956881	0.00146002967481803	0.974630011310796	455	14636	373	14968	1.91	61.31	1.56	62.7
chr4	178925118	178960060	chr4.63049	11.4911149614126	0.000995299139889646	0.98585945280751	445	23731	19	23795	1.27	67.92	0.05	68.1
chr4	178962154	179038759	chr4.63051	4.00407642631162	0.00158716936841016	0.981935839697148	643	34210	1512	36038	0.84	44.66	1.97	47.04
chr4	179039229	179043575	chr4.63052	1.09091340758127	0.00157537346379648	0.972341463414634	88	2712	13	2722	2.02	62.4	0.3	62.63
chr4	179044026	179103808	chr4.63053	18.637650906099	0.00125868443461757	0.976565387574855	580	37349	861	38300	0.97	62.48	1.44	64.07
chr4	179104273	179117915	chr4.63054	30.6597437240798	0.00104356711836735	0.984332575868641	220	9933	0	9933	1.61	72.81	0	72.81
chr4	179296162	179345905	chr4.63073	1.68264492419006	0.00123428386313937	0.979883099129526	918	27682	620	28302	1.85	55.65	1.25	56.9
chr4	179346886	179447929	chr4.63074	4.15448977591662	0.0013002822469655	0.989788159496452	1224	48281	2813	51473	1.21	47.78	2.78	50.94
chr4	179454999	179484120	chr4.63077	2.03010992999645	0.00205363282237352	0.989045946224374	302	10054	693	10822	1.04	34.52	2.38	37.16
chr4	179484236	179497412	chr4.63080	1.29483152309604	0.00171667510204082	0.99216127808136	53	7639	187	7826	0.4	57.98	1.42	59.4
chr4	179498906	179516955	chr4.63081	1.97581795966638	0.00162407551801084	0.993915507784365	407	6676	57	6751	2.25	36.99	0.32	37.4
chr4	179522448	179532896	chr4.63082	7.22695689086157	0.00143963607540703	0.993157254977029	223	3669	165	3920	2.13	35.12	1.58	37.52
chr4	179534922	179541677	chr4.63083	84.2720511098718	0.00260846977235037	0.990505551443375	55	2221	592	2813	0.81	32.88	8.76	41.64
chr4	179541982	179587215	chr4.63090	3.56614993635859	0.00133386420450812	0.993282028607433	871	31586	275	31964	1.93	69.83	0.61	70.67
chr4	179669925	179772891	chr4.63092	34.2312256452618	0.000941646558939526	0.986047763339355	766	52822	1557	54444	0.74	51.3	1.51	52.88
chr4	179886320	179895985	chr4.63100	0.911465571685698	0.00169145548836148	0.992728401448526	135	5275	31	5383	1.4	54.58	0.32	55.7
chr4	179921792	180021241	chr4.63105	7.49088127585891	0.00161602321595849	0.988799816991624	1324	52226	2347	54688	1.33	52.52	2.36	54.99
chr4	180064496	180096992	chr4.63110	3.11696768606877	0.00205859707637488	0.988014401772526	853	23739	391	24284	2.62	73.05	1.2	74.73
chr4	180098940	180118017	chr4.63111	2.9143646600509	0.000852232146288349	0.993191854065105	757	11941	305	12244	3.97	62.59	1.6	64.18
chr4	180118598	180133733	chr4.63119	3.49761726425595	0.000892073341085835	0.9934132144037	181	5312	241	5590	1.2	35.1	1.59	36.93
chr4	180158386	180177880	chr4.63124	1.17801201193039	0.00148000769774427	0.991002308402585	313	5105	844	6003	1.61	26.19	4.33	30.79
chr4	180286025	180298624	chr4.63131	16.1743418353518	0.0011444462003707	0.993229065798873	214	8733	35	8781	1.7	69.32	0.28	69.7
chr4	180299731	180310287	chr4.63134	33.1766502521087	0.0013280827740017	0.991956138688897	263	4501	132	4633	2.49	42.64	1.25	43.89
chr4	180466808	180492300	chr4.63139	4.15397886009363	0.00120977474084312	0.964132629844657	315	14665	954	15640	1.24	57.53	3.74	61.35
chr4	180492459	180521890	chr4.63140	3.84635578890837	0.00196961852884652	0.990453943121199	410	21271	276	21559	1.39	72.27	0.94	73.25
chr4	180522576	180536284	chr4.63150	4.72255719469708	0.00110389976518632	0.991536402100963	279	7255	436	7562	2.04	52.93	3.18	55.16
chr4	180563855	180584870	chr4.63157	1.75572595767645	0.000531176269991868	0.993447156792767	73	12000	146	12169	0.35	57.1	0.69	57.91
chr4	180612398	180639393	chr4.63159	3.02151401393454	0.00118473022562077	0.985727097610669	299	11145	649	12034	1.11	41.29	2.4	44.58
chr4	180639482	180699709	chr4.63162	7.11196996018881	0.00128683172847439	0.990480233118037	719	34047	1604	35567	1.19	56.53	2.66	59.05
chr4	180874153	180987991	chr4.63163	4.42303430666667	0.00132899354392749	0.986958695690367	1252	50334	2668	53070	1.1	44.22	2.34	46.62
chr4	180989234	181006072	chr4.63165	3.1119734190817	0.000813184175603217	0.985180603397078	109	4966	176	5183	0.65	29.49	1.05	30.78
chr4	181006513	181012687	chr4.63166	9.61992454235975	0.000736521331389699	0.987286686103013	52	868	681	1541	0.84	14.06	11.03	24.96
chr4	181013349	181058788	chr4.63167	1.19733744835586	0.000966066370663131	0.985915931248488	193	17082	1031	18092	0.42	37.59	2.27	39.82
chr4	181115079	181118964	chr4.63176	2.38173517658248	0.000520947812786785	0.985990733590734	29	1290	0	1290	0.75	33.2	0	33.2
chr4	181119752	181121123	chr4.63178	78.3404070336687	0.000359743034281546	0.987	0	1021	0	1021	0	74.47	0	74.47
chr4	181121276	181128636	chr4.63179	82.6718960067672	0.00142329272670025	0.989986956521739	90	1682	64	1754	1.22	22.85	0.87	23.83
chr4	181154264	181157264	chr4.63195	2.3396463228821	0.0013524328818151	0.993	70	509	52	631	2.33	16.97	1.73	21.03
chr4	181158008	181162505	chr4.63196	4.05645601210697	0.00112283710302091	0.993	0	2118	12	2130	0	47.1	0.27	47.36
chr4	181163198	181164239	chr4.63202	1.37917082258429	0.000929223369565217	0.992541786743516	0	635	0	635	0	61	0	61
chr4	181164928	181168602	chr4.63206	3.26458428949164	0.0005801843550447	0.990865541643985	288	1841	0	1852	7.84	50.11	0	50.41
chr4	181170646	181171896	chr4.63207	6.05325098303654	0.003019564160401	0.9872184	43	838	0	852	3.44	67.04	0	68.16
chr4	181172598	181174192	chr4.63209	7.36774899836929	0.0013504130489335	0.986737139272271	0	39	0	39	0	2.45	0	2.45
chr4	181174617	181197117	chr4.63210	6.92139065157426	0.0015730135620915	0.9888632	172	11694	287	11955	0.76	51.97	1.28	53.13
chr4	181212267	181215228	chr4.63219	1.77902140095413	0.000893338143939394	0.99300168861871	28	1654	20	1674	0.95	55.86	0.68	56.53
chr4	181215584	181227596	chr4.63220	7.5641430205866	0.00121442583448914	0.983111804861804	206	3830	646	4565	1.71	31.88	5.38	38
chr4	181243190	181260896	chr4.63222	2.52442526890232	0.0013562615582129	0.990074155653451	360	10923	42	11013	2.03	61.69	0.24	62.2
chr4	181297874	181309809	chr4.63228	8.73507877795221	0.00170446472995818	0.992457142857143	98	2929	350	3308	0.82	24.54	2.93	27.72
chr4	181310144	181311461	chr4.63229	21.6881760055682	0.00340926510516252	0.989700075930144	92	120	406	498	6.99	9.11	30.83	37.81
chr4	181311794	181317189	chr4.63231	4.41737908241277	0.00334059874464176	0.993331417979611	531	2357	34	2392	9.84	43.69	0.63	44.34
chr4	181323258	181331670	chr4.63232	1.6302528596215	0.00162422791003551	0.963480385164051	59	2913	349	3262	0.7	34.63	4.15	38.78
chr4	181332074	181352713	chr4.63233	50.4641047402237	0.00118271404183098	0.96788541111488	158	3045	1012	3989	0.77	14.75	4.9	19.33
chr4	181353300	181355760	chr4.63234	5.88631996744197	0.000296684016887817	0.993	102	971	48	1035	4.15	39.47	1.95	42.07
chr4	181355766	181356162	chr4.63235	2.29746672198628	0.00123953863636364	0.993	0	0	116	116	0	0	29.29	29.29
chr4	181437263	181449112	chr4.63249	1.87854550426083	0.00192340521658607	0.973836695079754	210	4508	358	4982	1.77	38.05	3.02	42.05
chr4	181449303	181467712	chr4.63250	1.16177390094619	0.000808548073752976	0.972272421098376	111	5592	901	6500	0.6	30.38	4.89	35.31
chr4	181477667	181478434	chr4.63251	2.10515735384441	0.0014389963494133	0.97048631029987	0	0	0	0	0	0	0	0
chr4	181478614	181481191	chr4.63252	1.75167133924823	0.00194130501043841	0.977931703531238	0	248	298	546	0	9.62	11.56	21.19
chr4	181481371	181487009	chr4.63253	0.933328311396653	0.00087544213117983	0.991091344448386	66	1478	68	1546	1.17	26.21	1.21	27.42
chr4	181494441	181503038	chr4.63260	4.12900240951058	0.000526701315789474	0.979353495405374	57	1484	510	1994	0.66	17.26	5.93	23.19
chr4	181503039	181507413	chr4.63261	1.24745833527124	0.000624937410415671	0.974468678555098	189	323	730	1069	4.32	7.38	16.69	24.44
chr4	181508077	181512283	chr4.63262	4.38027340719126	0.000901996798384771	0.988031621493105	33	916	245	1161	0.78	21.78	5.83	27.6
chr4	181512938	181548623	chr4.63263	3.78501731230606	0.00121199457769839	0.987119882303489	469	11161	1160	12136	1.31	31.28	3.25	34.01
chr4	181550100	181585582	chr4.63264	7.86530328645903	0.00158528451549434	0.983015754467054	370	8896	1964	10859	1.04	25.07	5.54	30.6
chr4	181585964	181586540	chr4.63265	1.88389174181807	0.0009755421875	0.983265625	0	22	55	77	0	3.82	9.55	13.37
chr4	181586672	181589057	chr4.63267	1.54447553570744	0.000808802874302874	0.981298113207547	25	478	268	662	1.05	20.04	11.24	27.76
chr4	181589526	181602902	chr4.63268	1.09845771180638	0.000683525967715368	0.981011363636363	76	3342	1020	4416	0.57	24.99	7.63	33.01
chr4	181603429	181605100	chr4.63270	3.48860469833591	0.0003565303761533	0.954162776780371	0	274	418	692	0	16.4	25.01	41.41
chr4	181685008	181735099	chr4.63275	1.24979423868	0.000741437240115092	0.982083288415084	514	24070	3065	27104	1.03	48.05	6.12	54.11
chr4	181748928	181750679	chr4.63279	1.78067421575212	0.000253624614505997	0.984816676185037	0	189	72	261	0	10.79	4.11	14.91
chr4	181751247	181751488	chr4.63280	9.75207371756334	0.00106444398340249	0.976875518672199	0	241	0	241	0	100	0	100
chr4	181752010	181755970	chr4.63281	26.5499806629228	0.00254818810617662	0.975767676767677	0	1586	33	1619	0	40.05	0.83	40.88
chr4	181756461	181812092	chr4.63282	10.2530953617197	0.00134945044632521	0.97422837986015	277	25824	1691	27260	0.5	46.42	3.04	49
chr4	181812687	181844178	chr4.63290	5.05223341802995	0.00142716998521439	0.966498555142739	209	14463	1956	16450	0.66	45.93	6.21	52.24
chr4	181878880	181909958	chr4.63293	3.45746624988941	0.000994984536419037	0.982852210566961	198	12426	1510	13996	0.64	39.98	4.86	45.04
chr4	181918475	181933063	chr4.63297	3.07548629900002	0.000969115749409397	0.9889047162051	433	5817	604	6423	2.97	39.88	4.14	44.03
chr4	181933227	181956444	chr4.63300	4.81530818173553	0.00077416116066798	0.988350519016238	1049	8458	604	9065	4.52	36.43	2.6	39.04
chr4	181956611	181971448	chr4.63302	4.03184223119264	0.000844230466622852	0.992840466401564	78	10435	41	10464	0.53	70.33	0.28	70.53
chr4	182104941	182144393	chr4.63316	12.6437399891858	0.00100179503434502	0.982168483220115	360	13484	2708	16087	0.91	34.18	6.86	40.78
chr4	182198890	182256816	chr4.63322	3.98223129558197	0.00143249868839584	0.972498705244622	352	20292	4344	24565	0.61	35.03	7.5	42.41
chr4	182257376	182289222	chr4.63323	9.48457971831514	0.00134702209880048	0.954652672235131	352	6537	5163	11553	1.11	20.53	16.21	36.28
chr4	182289385	182296995	chr4.63324	1.41999684325492	0.00111284587708246	0.976450591327201	46	985	1014	1933	0.6	12.94	13.32	25.4
chr4	182297482	182297696	chr4.63325	12.416165436377	0.00224855794392523	0.976817757009346	0	0	0	0	0	0	0	0
chr4	182297702	182301282	chr4.63326	4.25485688044594	0.00122806147123088	0.981796089385475	31	1226	192	1418	0.87	34.25	5.36	39.61
chr4	182301797	182323757	chr4.63329	1.43606824448797	0.00120087986991248	0.972367531876139	40	4319	3033	7345	0.18	19.67	13.81	33.45
chr4	182324044	182343379	chr4.63330	46.7746684567079	0.00153816930519815	0.984809878458754	893	13037	299	13402	4.62	67.43	1.55	69.31
chr4	182391262	182417563	chr4.63334	7.32750267989886	0.0016409586093405	0.957856089122086	488	5320	3480	8894	1.86	20.23	13.23	33.82
chr4	182418014	182433952	chr4.63335	1.93130980646215	0.00133716614798985	0.966772995357009	207	2950	2194	5278	1.3	18.51	13.77	33.12
chr4	182463101	182464175	chr4.63338	71.0087503052587	0.00119038621973929	0.979864059590316	0	668	58	726	0	62.2	5.4	67.6
chr4	182464512	182506512	chr4.63339	14.3056340471258	0.00185281830156287	0.985918857142857	972	14631	2853	17494	2.31	34.84	6.79	41.65
chr4	182684417	182713061	chr4.63347	113.36716226737	0.000978309578445935	0.970494693478564	160	16576	894	17482	0.56	57.87	3.12	61.03
chr4	182721622	182741157	chr4.63350	11.5567561730345	0.000838107248450167	0.988136677757871	367	7430	1689	9140	1.88	38.03	8.65	46.79
chr4	182751370	182756017	chr4.63353	1.1768064508664	0.00100053265889074	0.960274800946848	118	1002	344	1335	2.54	21.56	7.4	28.73
chr4	182756261	182795590	chr4.63354	3.23074366879851	0.00110959309983578	0.969334384296575	1236	14172	5240	19126	3.14	36.03	13.32	48.63
chr4	184507454	184533891	chr4.63403	8.13555168419126	0.00161272846800691	0.95015576653932	392	17502	366	17808	1.48	66.2	1.38	67.36
chr4	184716094	184716298	chr4.63423	9.70772396662938	0.00036972349726776	0.952	0	204	0	204	0	100	0	100
chr4	186879690	186886832	chr4.63492	1205.56845344462	0.00277780148335174	0.954488238588631	0	3874	167	4041	0	54.24	2.34	56.58
chr4	186893439	186896721	chr4.63493	5.81721949165907	0.000882147699594046	0.958	61	2605	0	2609	1.86	79.37	0	79.49
chr4	186897198	186920606	chr4.63494	9.17643786188073	0.00103881494735631	0.954301349965824	383	14925	68	14960	1.64	63.76	0.29	63.91
chr4	187943127	187970611	chr4.63515	9.13422189430704	0.00118968654229848	0.965583575898705	828	10405	872	11466	3.01	37.86	3.17	41.72
chr4	187971077	187977942	chr4.63516	67.9317270979058	0.00292612804878049	0.981746831755281	0	6516	85	6587	0	94.92	1.24	95.95
