chrom	chromStart	chromEnd	id	st.recomb	st.diversity	st.bkgd	bp.simpleRepeat	bp.rmskRM327	bp.phastConsElements46wayPlacMammal	bp.allSoftRegions	perc.simpleRepeat	perc.rmskRM327	perc.phastConsElements46wayPlacMammal	perc.allSoftRegions
chr5	11950	13577	chr5.63519	NA	0.00699836769230769	0.982	481	1624	0	1624	29.56	99.82	0	99.82
chr5	1656054	1660027	chr5.63520	NA	0.00137797919647771	0.994	88	1206	375	1596	2.21	30.35	9.44	40.17
chr5	1755184	1764190	chr5.63521	NA	0.00226971379585327	0.994	147	2719	45	2827	1.63	30.19	0.5	31.39
chr5	1764474	1768390	chr5.63522	NA	0.00172217238529496	0.994	170	740	0	910	4.34	18.9	0	23.24
chr5	1768631	1768896	chr5.63525	NA	0.00046938128342246	0.994	0	0	0	0	0	0	0	0
chr5	1769855	1770945	chr5.63526	NA	0.00170617897727273	0.994	0	481	0	481	0	44.13	0	44.13
chr5	1771115	1775784	chr5.63527	NA	0.00116073667525773	0.994	0	2730	0	2730	0	58.47	0	58.47
chr5	1776765	1780805	chr5.63528	NA	0.00133262175543886	0.994	0	382	144	526	0	9.46	3.56	13.02
chr5	1782205	1784721	chr5.63529	NA	0.00117798174560937	0.994	0	750	225	975	0	29.81	8.94	38.75
chr5	1785033	1793192	chr5.63530	NA	0.000467475944756412	0.994	88	2762	0	2850	1.08	33.85	0	34.93
chr5	1794506	1794960	chr5.63533	NA	0.00103457555066079	0.994	0	327	0	327	0	72.03	0	72.03
chr5	1795785	1796343	chr5.63541	NA	0.00055609880239521	0.994	0	524	0	524	0	93.91	0	93.91
chr5	1796874	1797918	chr5.63542	NA	0.00157815747126437	0.994	0	57	0	57	0	5.46	0	5.46
chr5	1830606	1835513	chr5.63546	NA	0.00089477986037656	0.994	30	388	124	512	0.61	7.91	2.53	10.43
chr5	1836709	1837074	chr5.63547	NA	0.00204477534246575	0.994	0	0	0	0	0	0	0	0
chr5	1837254	1842871	chr5.63548	NA	0.00265627845671759	0.994	349	481	221	1051	6.21	8.56	3.93	18.71
chr5	1843406	1845659	chr5.63549	NA	0.00266054929424539	0.994	907	1083	0	1287	40.26	48.07	0	57.12
chr5	1845660	1848818	chr5.63550	NA	0.00169760243352862	0.994	1279	975	0	1754	40.5	30.87	0	55.54
chr5	1849343	1851063	chr5.63551	NA	0.00099554234375	0.994	244	104	0	348	14.19	6.05	0	20.23
chr5	1851611	1855780	chr5.63552	NA	0.00189608461774639	0.994	150	1202	78	1280	3.6	28.83	1.87	30.7
chr5	1856682	1857680	chr5.63556	NA	0.00431163811881188	0.994	0	0	0	0	0	0	0	0
chr5	1858734	1859569	chr5.63557	NA	0.00108724175334324	0.994	0	0	0	0	0	0	0	0
chr5	1859994	1866532	chr5.63562	NA	0.00166144037207823	0.994	0	2517	0	2517	0	38.5	0	38.5
chr5	1867703	1868482	chr5.63563	NA	0.00160873758241758	0.994	45	42	0	45	5.78	5.39	0	5.78
chr5	1869458	1876316	chr5.63564	NA	0.00209619295774648	0.994	1367	1572	680	2342	19.93	22.92	9.92	34.15
chr5	1876596	1877183	chr5.63565	NA	0.0074016	0.994	0	0	0	0	0	0	0	0
chr5	1900602	1922450	chr5.63566	NA	0.00129517950994318	0.994	649	8688	153	9232	2.97	39.77	0.7	42.26
chr5	1922711	1923803	chr5.63567	NA	0.000693318862559242	0.994	0	0	32	32	0	0	2.93	2.93
chr5	1925478	1927426	chr5.63568	NA	0.00159347281368821	0.994	458	431	0	458	23.51	22.13	0	23.51
chr5	1927965	1928884	chr5.63569	NA	0.000430082263329706	0.994	0	608	0	608	0	66.16	0	66.16
chr5	1931909	1932462	chr5.63573	NA	0.00118003272311213	0.992197106690777	0	31	126	157	0	5.61	22.78	28.39
chr5	1959291	1960364	chr5.63574	NA	0.0017599761416589	0.994	0	579	0	579	0	53.96	0	53.96
chr5	1961475	1963462	chr5.63577	NA	0.00165600885333333	0.994	35	406	26	467	1.76	20.43	1.31	23.5
chr5	1967268	1967490	chr5.63579	NA	0.00152988871794872	0.994	0	205	0	205	0	92.34	0	92.34
chr5	1973444	1975903	chr5.63580	NA	0.00154349564863766	0.994	0	409	72	481	0	16.63	2.93	19.56
chr5	1976288	1984636	chr5.63581	NA	0.00114417639946261	0.994	197	4451	0	4471	2.36	53.32	0	53.56
chr5	1984877	1994276	chr5.63582	NA	0.00139184843321134	0.99306341100117	0	6321	0	6321	0	67.25	0	67.25
chr5	2005547	2008762	chr5.63584	NA	0.00121486683673469	0.993433281493002	0	435	0	435	0	13.53	0	13.53
chr5	2008864	2018713	chr5.63587	NA	0.00251142395693136	0.994	102	2796	0	2898	1.04	28.39	0	29.42
chr5	2019346	2020897	chr5.63588	NA	0.00108504157527418	0.994	0	361	0	361	0	23.28	0	23.28
chr5	2020944	2024752	chr5.63589	NA	0.00104760785189076	0.994	290	409	0	699	7.62	10.74	0	18.36
chr5	2025310	2031855	chr5.63590	NA	0.000999639183673469	0.997460656990069	283	4243	14	4364	4.32	64.83	0.21	66.68
chr5	2032395	2041664	chr5.63591	NA	0.001815877208413	1	331	3856	245	4153	3.57	41.6	2.64	44.81
chr5	2070456	2081955	chr5.63592	NA	0.00195979486373166	0.994	28	7905	0	7905	0.24	68.75	0	68.75
chr5	2083090	2099123	chr5.63593	NA	0.00214408836940001	0.994	491	10947	104	11353	3.06	68.28	0.65	70.81
chr5	2099366	2100666	chr5.63594	NA	0.00158528035714286	0.994	701	0	0	701	53.92	0	0	53.92
chr5	2102660	2106234	chr5.63597	NA	0.00224035315214346	0.994	0	966	94	1060	0	27.03	2.63	29.66
chr5	2106980	2112795	chr5.63598	NA	0.000728501025331725	0.993088564058469	871	1925	539	2519	14.98	33.1	9.27	43.32
chr5	2113115	2116359	chr5.63599	NA	0.000835023583305056	0.990879161528977	0	362	129	491	0	11.16	3.98	15.14
chr5	2116908	2119270	chr5.63600	NA	0.00107651502590674	0.993	0	506	0	506	0	21.42	0	21.42
chr5	2119500	2133335	chr5.63601	NA	0.0012056295004029	0.994192555113842	143	6088	335	6494	1.03	44	2.42	46.94
chr5	2133483	2135057	chr5.63602	NA	0.00141337421340629	1	31	348	0	379	1.97	22.11	0	24.08
chr5	2135181	2136307	chr5.63603	NA	0.000973621747042766	1	26	0	0	26	2.31	0	0	2.31
chr5	2136947	2142187	chr5.63609	NA	0.0019890039259815	0.999745419847328	629	1520	445	2354	12	29.01	8.49	44.92
chr5	2142346	2145084	chr5.63611	NA	0.00175823696526508	1	0	286	0	286	0	10.45	0	10.45
chr5	2147910	2152604	chr5.63612	NA	0.00147889717948718	1	175	992	37	1204	3.73	21.13	0.79	25.65
chr5	2152744	2180317	chr5.63613	NA	0.00200079611536691	1	1727	7211	691	8157	6.26	26.15	2.51	29.58
chr5	2180460	2193428	chr5.63615	NA	0.000961908669950739	1	340	3569	38	3721	2.62	27.52	0.29	28.69
chr5	2194009	2201471	chr5.63616	NA	0.000779654052098408	0.999490887161619	0	624	245	869	0	8.36	3.28	11.65
chr5	2211665	2226671	chr5.63618	NA	0.000790762415260918	0.998990003998401	2106	2904	215	3594	14.03	19.35	1.43	23.95
chr5	2227542	2239569	chr5.63619	NA	0.000754024993464052	1	103	8567	0	8567	0.86	71.23	0	71.23
chr5	2240077	2251835	chr5.63620	NA	0.00136231832637871	1	801	6594	80	7107	6.81	56.08	0.68	60.44
chr5	2252406	2262015	chr5.63621	NA	0.00165833050101154	0.998903736080758	467	1287	578	1889	4.86	13.39	6.02	19.66
chr5	2262509	2263418	chr5.63622	NA	0.00136633207990599	0.996970297029703	153	145	111	264	16.83	15.95	12.21	29.04
chr5	2263739	2265251	chr5.63624	NA	0.00228493198789102	0.994	0	966	0	966	0	63.89	0	63.89
chr5	2265881	2271697	chr5.63625	NA	0.001599491171875	0.993813273727648	217	1997	0	2149	3.73	34.34	0	36.95
chr5	2271830	2272435	chr5.63626	NA	0.00233909375	0.992955371900826	77	58	0	77	12.73	9.59	0	12.73
chr5	2272770	2276890	chr5.63627	NA	0.00186566325338253	0.991843932038835	117	1030	306	1361	2.84	25	7.43	33.03
chr5	2277636	2279464	chr5.63628	NA	0.00240908689956332	0.994	222	337	375	777	12.14	18.44	20.51	42.51
chr5	2280940	2294490	chr5.63629	NA	0.00235227225941841	0.994	1220	4961	28	5268	9	36.61	0.21	38.88
chr5	2294558	2303833	chr5.63630	NA	0.00177076835717382	0.994	200	1448	207	1815	2.16	15.61	2.23	19.57
chr5	2311197	2312532	chr5.63631	NA	0.000443297040816327	0.994	162	324	0	354	12.13	24.27	0	26.52
chr5	2312996	2319401	chr5.63632	NA	0.00183342857142857	0.994	189	5863	0	5863	2.95	91.54	0	91.54
chr5	2412379	2419415	chr5.63633	NA	0.00174753065693431	0.988962762933485	0	1562	0	1562	0	22.2	0	22.2
chr5	2419711	2474745	chr5.63636	NA	0.00109775786295242	0.990578115346876	2040	13689	1641	15619	3.71	24.87	2.98	28.38
chr5	2475222	2476129	chr5.63637	NA	0.00101908183934808	0.993	0	351	0	351	0	38.7	0	38.7
chr5	2476556	2478080	chr5.63638	NA	0.0006208638	0.992654855643045	50	94	82	226	3.28	6.17	5.38	14.83
chr5	2478642	2487704	chr5.63639	NA	0.0009330668385346	0.992830169940411	178	6328	217	6597	1.96	69.83	2.39	72.8
chr5	2488196	2490113	chr5.63640	NA	0.00208604893062076	0.994	0	334	74	408	0	17.42	3.86	21.28
chr5	2491961	2512300	chr5.63641	NA	0.00131771366791244	0.994	75	4997	172	5160	0.37	24.57	0.85	25.37
chr5	2512530	2518709	chr5.63642	NA	0.00208322820603281	0.994	159	1252	0	1252	2.57	20.26	0	20.26
chr5	2519182	2539266	chr5.63643	2.29620055955096	0.00200857701474571	0.994	1682	6448	757	7297	8.37	32.11	3.77	36.33
chr5	2564940	2597201	chr5.63648	1.75854383107401	0.00114447986382409	0.993985431325749	3521	12064	186	12532	10.91	37.39	0.58	38.85
chr5	2598806	2622835	chr5.63649	7.95465719830355	0.00140100174939354	0.994	189	7825	201	7985	0.79	32.56	0.84	33.23
chr5	2623519	2634203	chr5.63652	178.326772427319	0.00113153608590442	0.993751778360165	219	1886	186	2266	2.05	17.65	1.74	21.21
chr5	2638556	2652836	chr5.63654	2.03945697328611	0.00151512578437917	0.993403151260504	343	4321	353	4749	2.4	30.26	2.47	33.26
chr5	2653024	2657133	chr5.63655	4.87710368363737	0.00186231217520416	0.994	0	557	12	569	0	13.56	0.29	13.85
chr5	2657558	2681325	chr5.63657	7.56973871508637	0.000777890448528712	0.992417132999537	907	4713	482	5327	3.82	19.83	2.03	22.41
chr5	2681652	2694848	chr5.63661	2.02415554820705	0.00144310391541384	0.988	457	6038	323	6435	3.46	45.76	2.45	48.76
chr5	2695303	2707937	chr5.63662	15.7153863421878	0.00170316606210968	0.988	690	1379	281	2231	5.46	10.91	2.22	17.66
chr5	2708230	2712699	chr5.63663	1.19145950044385	0.00178807159524344	0.988	0	765	0	765	0	17.12	0	17.12
chr5	2724703	2729159	chr5.63671	3.78559775212928	0.00268378869445084	0.97330184021544	205	347	72	597	4.6	7.79	1.62	13.4
chr5	2821221	2831134	chr5.63677	4.4798744353763	0.000778709092940125	0.988696055684455	169	3112	263	3380	1.7	31.39	2.65	34.1
chr5	2835253	2842173	chr5.63678	74.5997372282314	0.000989852163234461	0.99203049132948	53	3876	0	3876	0.77	56.01	0	56.01
chr5	2842398	2857877	chr5.63679	40.0123471261593	0.00110870758938364	0.993182440726145	329	3822	1091	4978	2.13	24.69	7.05	32.16
chr5	2863441	2873709	chr5.63682	2.52810639139688	0.00131080826128722	0.993005843396961	0	2175	133	2308	0	21.18	1.3	22.48
chr5	2875151	2877757	chr5.63683	13.8056816590562	0.000738399038846616	0.994	0	65	0	65	0	2.49	0	2.49
chr5	2878315	2895773	chr5.63685	11.7799871914584	0.00130598289427713	0.993407492267155	1922	7442	640	8806	11.01	42.63	3.67	50.44
chr5	2895971	2907130	chr5.63687	2.7861920881956	0.00132810501198291	0.993996146608119	725	2428	0	2867	6.5	21.76	0	25.69
chr5	2933441	2945762	chr5.63698	3.66757871704779	0.00199284205532693	0.994	39	10446	16	10462	0.32	84.78	0.13	84.91
chr5	2946279	2962454	chr5.63699	18.4471345661293	0.00107301543978064	0.999382751159196	307	8206	471	8724	1.9	50.73	2.91	53.94
chr5	2968575	2969256	chr5.63703	37.7336656838354	0.00105797459618209	1	0	178	0	178	0	26.14	0	26.14
chr5	2969722	2978674	chr5.63704	33.0304738567111	0.000920528561604584	1	0	2700	103	2776	0	30.16	1.15	31.01
chr5	2978704	3001197	chr5.63705	19.2044026298056	0.00105319225004835	0.999969857288934	116	5645	501	6191	0.52	25.1	2.23	27.52
chr5	3001568	3015496	chr5.63706	40.8720001039667	0.00155321633764466	1	526	4974	221	5630	3.78	35.71	1.59	40.42
chr5	3015723	3034712	chr5.63707	3.5277949389907	0.00320517579365079	0.999800884722734	1115	8020	232	8988	5.87	42.23	1.22	47.33
chr5	3175819	3176755	chr5.63716	8.27484665501176	0.00177504412393162	0.998482905982906	0	0	0	0	0	0	0	0
chr5	3181346	3202321	chr5.63720	2.50651621992646	0.00100348643090427	0.991647723480334	87	2117	3259	5361	0.41	10.09	15.54	25.56
chr5	3202771	3215586	chr5.63722	2.12981540931667	0.00296063147756139	0.999958876316816	134	4900	6	4967	1.05	38.24	0.05	38.76
chr5	3216341	3227242	chr5.63726	27.3250817884286	0.00211441584437259	0.996498486377397	194	2592	1007	3631	1.78	23.78	9.24	33.31
chr5	3228228	3316990	chr5.63734	9.78065052817401	0.00172334007026078	0.99888041053604	2487	31500	1679	33679	2.8	35.49	1.89	37.94
chr5	3320132	3352797	chr5.63735	8.11406613956122	0.00221925676817397	0.998357293739477	2909	7295	922	9077	8.91	22.33	2.82	27.79
chr5	3353273	3353750	chr5.63739	3.95577170672488	0.00231111719077568	1	0	0	0	0	0	0	0	0
chr5	3354247	3356328	chr5.63740	2.97909494000249	0.00298239894281595	1	0	260	0	260	0	12.49	0	12.49
chr5	4002533	4007825	chr5.63745	2.54310205143697	0.00229264860911271	0.988637188208617	749	1133	216	1430	14.15	21.41	4.08	27.02
chr5	4008349	4012821	chr5.63747	1.78214264062881	0.0020879206804891	0.997607334525939	627	906	164	1172	14.02	20.26	3.67	26.21
chr5	4087462	4098434	chr5.63751	6.23058371281929	0.00180103700381251	0.999377506379876	580	2785	171	2919	5.29	25.38	1.56	26.6
chr5	4098599	4135673	chr5.63752	3.89791062138448	0.0013357889820172	0.998368533203862	630	11904	707	12668	1.7	32.11	1.91	34.17
chr5	4143761	4177622	chr5.63753	4.6535054125712	0.00139564710347019	0.994975931012078	1988	14680	526	16561	5.87	43.35	1.55	48.91
chr5	4178077	4198736	chr5.63754	3.99515219727968	0.00100038847985348	0.999332300692192	1471	7305	652	7960	7.12	35.36	3.16	38.53
chr5	4199444	4213463	chr5.63760	2.7216815916139	0.00098470532340698	0.99995085241458	273	2081	603	2716	1.95	14.84	4.3	19.37
chr5	4213561	4230628	chr5.63765	5.68430408001627	0.00181606515238277	0.999595242280424	325	3281	330	3634	1.9	19.22	1.93	21.29
chr5	4231120	4231523	chr5.63768	12.4649770717387	0.00087315459057072	1	0	0	48	48	0	0	11.91	11.91
chr5	4231966	4285301	chr5.63769	3.381398711299	0.00133113299982093	0.999363007406019	813	20427	917	21499	1.52	38.3	1.72	40.31
chr5	4866700	4866932	chr5.63775	2.78610925168838	0	0.99	0	59	0	59	0	25.43	0	25.43
chr5	4868486	4874329	chr5.63778	1.07808748629484	0.00210073549306479	0.991782474756118	85	1409	0	1494	1.45	24.11	0	25.57
chr5	4874872	4877043	chr5.63779	2.39842845642804	0.00135458631313131	0.992572547213266	0	812	0	812	0	37.4	0	37.4
chr5	4877470	4881834	chr5.63780	4.96944076812784	0.00159711699541284	0.993	0	673	21	694	0	15.42	0.48	15.9
chr5	4882495	4898915	chr5.63781	12.6612526726394	0.00138085113136729	0.993234591961023	493	7965	120	8284	3	48.51	0.73	50.45
chr5	4899241	4900024	chr5.63783	18.873923511102	0.000153562837837838	0.993	0	300	0	300	0	38.31	0	38.31
chr5	4901201	4913726	chr5.63784	6.86261064230635	0.00126339099291468	0.994	150	4379	111	4490	1.2	34.96	0.89	35.85
chr5	4913732	4914147	chr5.63785	0.906830934334752	0.000323551325301205	0.994	0	0	0	0	0	0	0	0
chr5	4914603	4925002	chr5.63788	2.85514022173057	0.00130667665533931	0.994	168	7320	13	7419	1.62	70.39	0.13	71.34
chr5	4936762	4955501	chr5.63794	16.9104123575829	0.00169538628821531	0.992715886653503	323	3933	385	4616	1.72	20.99	2.05	24.63
chr5	5325135	5329305	chr5.63797	6.02588036851023	0.00116936764403292	0.976	0	654	34	688	0	15.68	0.82	16.5
chr5	5330028	5333254	chr5.63798	0.999891730406786	0.000485683828814113	0.976	43	1500	0	1500	1.33	46.5	0	46.5
chr5	5367588	5375744	chr5.63801	1.81939172144603	0.00094473311782557	0.976	95	2528	174	2702	1.16	31	2.13	33.13
chr5	5376952	5387192	chr5.63802	5.71467804732932	0.000720866603315384	0.97496640625	205	2993	384	3429	2	29.23	3.75	33.49
chr5	5397081	5402294	chr5.63807	7.16095248918286	0.00158497745036573	0.97	33	1913	0	1946	0.63	36.7	0	37.33
chr5	5403388	5408176	chr5.63809	16.426812288986	0.00183561914398697	0.962166666666667	82	3463	0	3479	1.71	72.33	0	72.66
chr5	5408763	5408976	chr5.63811	2.95963707525948	0.00286609714285714	0.958	0	49	0	49	0	23	0	23
chr5	5409472	5410595	chr5.63814	3.77880662836899	0.00070196390593047	0.953768477292965	25	312	0	312	2.23	27.78	0	27.78
chr5	5410646	5419406	chr5.63815	2.87307534413193	0.00274559080113731	0.952	254	5896	0	5896	2.9	67.31	0	67.31
chr5	5783720	5795965	chr5.63818	52.6348499835	0.00215880780085897	0.982844181298489	121	3802	331	4181	0.99	31.05	2.7	34.14
chr5	5816469	5840517	chr5.63826	3.826950713225	0.00190814874903673	0.993241558549567	919	9539	76	9615	3.82	39.67	0.32	39.98
chr5	5868314	5931071	chr5.63834	10.2910339941932	0.00128942424820487	0.992134072693086	1016	20951	969	21864	1.62	33.38	1.54	34.84
chr5	5957298	5972579	chr5.63837	5.80552491835692	0.00132055841169556	0.994	117	8106	152	8112	0.77	53.05	0.99	53.09
chr5	5973028	6019141	chr5.63839	5.42985645537502	0.00143801089907483	0.994	550	23983	143	24128	1.19	52.01	0.31	52.32
chr5	6020058	6020286	chr5.63840	28.0799858521854	0	0.994	0	0	0	0	0	0	0	0
chr5	6021380	6021654	chr5.63843	17.650027390513	0	0.994	0	245	0	245	0	89.42	0	89.42
chr5	6022396	6030147	chr5.63845	3.04346567537988	0.0029625604184337	0.993997290672171	34	4095	78	4173	0.44	52.83	1.01	53.84
chr5	6031013	6039537	chr5.63847	3.69326975864514	0.00164893228169014	0.994	124	3853	22	3875	1.45	45.2	0.26	45.46
chr5	6136260	6179635	chr5.63855	1.41737800696298	0.0014906120364989	0.993667711815562	444	22281	292	22545	1.02	51.37	0.67	51.98
chr5	6286701	6290028	chr5.63862	3.05235035799676	0.00120433011128776	0.994	0	3114	0	3114	0	93.6	0	93.6
chr5	6308299	6310553	chr5.63864	11.4507586574648	0.000821355850763143	0.987933007985803	284	1320	0	1320	12.6	58.56	0	58.56
chr5	6343899	6361716	chr5.63867	0.935765057277961	0.00110066420301646	0.977412022225964	775	5820	10	6275	4.35	32.67	0.06	35.22
chr5	6378773	6379003	chr5.63872	0.959583389292667	0.00169801304347826	0.963	0	0	0	0	0	0	0	0
chr5	6379009	6387413	chr5.63873	1.50095466534559	0.00125823592060675	0.963	132	5627	40	5684	1.57	66.96	0.48	67.63
chr5	6387845	6392349	chr5.63874	1.08201569327729	0.00112569088495575	0.963	91	2744	0	2744	2.02	60.92	0	60.92
chr5	6416681	6448735	chr5.63878	2.81995813940679	0.00110985617996823	0.977162725400886	2421	15534	532	16157	7.55	48.46	1.66	50.41
chr5	6499366	6530826	chr5.63880	1.65642225298506	0.0018925749430436	0.976	1856	15012	9	15497	5.9	47.72	0.03	49.26
chr5	6828380	6853197	chr5.63904	315.820663583957	0.00113072310579404	0.973909537816819	1448	6835	196	7330	5.83	27.54	0.79	29.54
chr5	6853574	6866791	chr5.63905	52.1245571988245	0.00121471040421793	0.981954149958387	27	6324	9	6333	0.2	47.85	0.07	47.92
chr5	6867245	6868671	chr5.63906	676.272440845425	0.00165148198074278	0.988	185	636	12	648	12.97	44.6	0.84	45.44
chr5	6906530	6933782	chr5.63919	5.76512963351876	0.00121709098747274	0.987239762219287	280	15136	19	15310	1.03	55.54	0.07	56.18
chr5	7230451	7258418	chr5.63932	1.90905120153867	0.00104550453367876	0.986090034683734	419	16996	179	17155	1.5	60.77	0.64	61.34
chr5	7258711	7269211	chr5.63933	1.01265637454123	0.00135274139065069	0.987601333333333	287	9640	0	9640	2.73	91.81	0	91.81
chr5	8049112	8051308	chr5.63970	1.89975941145775	0.0007084642	0.952	806	1126	0	1171	36.7	51.28	0	53.32
chr5	8062790	8071299	chr5.63977	58.5722813510658	0.00115713433758208	0.970407568456928	88	5362	64	5454	1.03	63.02	0.75	64.1
chr5	8071712	8100576	chr5.64005	11.2484713683751	0.00116636176340275	0.98190022172949	988	14176	408	15003	3.42	49.11	1.41	51.98
chr5	8121383	8133771	chr5.64007	4.17224214123826	0.00129280433128148	0.988	234	6009	41	6064	1.89	48.51	0.33	48.95
chr5	8135207	8173782	chr5.64008	1.00703036816699	0.00127035923938224	0.988	472	22523	295	22984	1.22	58.39	0.76	59.58
chr5	8173982	8177222	chr5.64009	6.3269374615513	0.00141773347441324	0.988	0	1100	0	1100	0	33.95	0	33.95
chr5	8464082	8469864	chr5.64019	1.99132346320764	0.00101844816112084	0.994	0	4005	0	4005	0	69.27	0	69.27
chr5	8471677	8525290	chr5.64020	4.65390726440694	0.00123157434870662	0.993912446608099	400	28433	203	28755	0.75	53.03	0.38	53.63
chr5	8533930	8543616	chr5.64021	1.2561503417625	0.00338115115657329	0.994	0	5738	0	5738	0	59.24	0	59.24
chr5	8543617	8549991	chr5.64022	1.06083276676992	0.00214630060455192	0.994	162	3297	42	3339	2.54	51.73	0.66	52.38
chr5	8550407	8595304	chr5.64024	7.0803031710327	0.00153664533812119	0.992107000467737	1391	18787	138	19256	3.1	41.84	0.31	42.89
chr5	8597846	8618682	chr5.64025	9.18627111239399	0.000967354979320853	0.988	490	8386	27	8413	2.35	40.25	0.13	40.38
chr5	8622685	8701919	chr5.64026	12.9377503428131	0.00162172110771719	0.988	899	38376	354	38978	1.13	48.43	0.45	49.19
chr5	8790546	8837448	chr5.64027	1.78981368742366	0.00151855222321212	0.988	410	36136	14	36172	0.87	77.05	0.03	77.12
chr5	8837807	8838255	chr5.64028	6.22472744030258	0.00249104419642857	0.988	33	0	0	33	7.37	0	0	7.37
chr5	8838736	8839472	chr5.64029	6.15526214671619	0.000789426973684211	0.988	0	287	0	287	0	38.99	0	38.99
chr5	8916075	8918171	chr5.64032	2.07444823131366	0.00110325205761317	0.958	167	229	0	396	7.97	10.93	0	18.89
chr5	9550721	9556461	chr5.64046	1.6004114253502	0.00174371296857251	0.987	35	4506	35	4541	0.61	78.5	0.61	79.11
chr5	9558455	9567684	chr5.64048	1.17088116564857	0.00101956813047341	0.986811897280312	218	4504	98	4657	2.36	48.8	1.06	50.46
chr5	9598918	9620491	chr5.64053	10.3325190511333	0.00119917888581423	0.98469568442034	432	11664	135	11880	2	54.07	0.63	55.07
chr5	10502840	10505107	chr5.64103	3.92517633788793	0.000389746690518784	0.965775915306572	0	1396	0	1396	0	61.58	0	61.58
chr5	10522196	10526474	chr5.64104	6.39487727983156	0.000633924331734064	0.976	43	1682	69	1703	1.01	39.32	1.61	39.81
chr5	10532535	10532932	chr5.64105	78.4493337462529	0.000738876675603217	0.976	0	67	0	67	0	16.88	0	16.88
chr5	10533362	10551751	chr5.64106	13.6442104628654	0.000645048154617254	0.980218989613356	1450	7866	331	8773	7.89	42.78	1.8	47.71
chr5	10552119	10562204	chr5.64107	3.38307597255299	0.000832481771536592	0.982	66	3417	52	3483	0.65	33.88	0.52	34.54
chr5	10657988	10664221	chr5.64108	2.68895621845181	0.00123887604770017	0.986910636932456	141	2484	13	2562	2.26	39.85	0.21	41.1
chr5	10921776	10943168	chr5.64115	99.745700740904	0.000753047298773825	0.972610228122663	79	10088	261	10383	0.37	47.16	1.22	48.54
chr5	10949724	10971951	chr5.64116	14.9596798567643	0.00153945721660572	0.953806946506501	0	9957	119	10076	0	44.8	0.54	45.33
chr5	11970060	11973835	chr5.64119	7.57388801936924	0.000539264802733768	0.971681589403974	145	3428	18	3428	3.84	90.81	0.48	90.81
chr5	11974115	12034303	chr5.64120	4.55962602365787	0.00100523859458556	0.976546819964113	728	29610	1115	30659	1.21	49.2	1.85	50.94
chr5	13433435	13479089	chr5.64168	6.84611055231743	0.000978167367535745	0.957091952512376	543	20915	1387	22523	1.19	45.81	3.04	49.33
chr5	14878105	14907904	chr5.64226	6.78498312345979	0.00117381068034017	0.962089264740427	358	15552	393	16045	1.2	52.19	1.32	53.84
chr5	16185681	16186717	chr5.64261	2.63455740870331	0.00104699614624506	0.951	0	318	39	345	0	30.69	3.76	33.3
chr5	16936385	16944193	chr5.64294	2.22177590524177	0.000390489493879043	0.971026255122951	96	3006	155	3138	1.23	38.5	1.99	40.19
chr5	16944500	16972931	chr5.64295	8.04386629025996	0.000826753708854891	0.981436565720516	1749	22531	149	22750	6.15	79.25	0.52	80.02
chr5	16973145	16974642	chr5.64298	8.31713727869486	0.00134788944444444	0.981	58	1108	0	1108	3.87	74.01	0	74.01
chr5	16978522	16999165	chr5.64299	1.34590414612616	0.00134249125216263	0.976525165915807	1054	12243	392	12682	5.11	59.31	1.9	61.43
chr5	17012826	17024230	chr5.64300	9.60916698359774	0.000733309610075914	0.980331988775868	301	7747	43	7815	2.64	67.93	0.38	68.53
chr5	17024231	17065706	chr5.64301	1.59637491953473	0.00135845602141448	0.979729355033152	2961	28194	300	28795	7.14	67.98	0.72	69.43
chr5	17963512	18038725	chr5.64319	8.48315871552069	0.000807919050922938	0.981502240304203	584	37561	1168	38699	0.78	49.94	1.55	51.45
chr5	18039374	18049340	chr5.64324	1.91734588290879	0.000552684538296349	0.985860626128838	88	5160	106	5249	0.88	51.78	1.06	52.67
chr5	18150266	18151291	chr5.64334	1.94737271461772	0.000565011203319502	0.980132682926829	33	383	132	484	3.22	37.37	12.88	47.22
chr5	18346331	18431246	chr5.64336	1.02879382709789	0.00157887399839568	0.98928725195784	1932	48439	979	49552	2.28	57.04	1.15	58.35
chr5	18433938	18514966	chr5.64338	17.8036857870536	0.000892961723428144	0.986496902305376	1226	45940	1358	47545	1.51	56.7	1.68	58.68
chr5	19396257	19413464	chr5.64349	4.37673218349215	0.0013424554397886	0.96376817574243	133	10540	276	10687	0.77	61.25	1.6	62.11
chr5	19413897	19422690	chr5.64350	0.945482880777963	0.00125646346878364	0.96254293187763	297	2472	207	2740	3.38	28.11	2.35	31.16
chr5	23070481	23240785	chr5.64370	15.0969050371064	0.00114060302957151	0.974549599539647	2401	102172	2175	104640	1.41	59.99	1.28	61.44
chr5	23241412	23249897	chr5.64371	103.197961839852	0.001355099542731	0.991978196817914	78	5137	79	5223	0.92	60.54	0.93	61.56
chr5	23440124	23472978	chr5.64388	15.3619525165897	0.000614000143750449	0.988758446460096	553	19592	117	19842	1.68	59.63	0.36	60.39
chr5	23473389	23503793	chr5.64389	7.86956408871991	0.000557101570334668	0.987637218787002	182	19543	195	19738	0.6	64.28	0.64	64.92
chr5	23543236	23584807	chr5.64392	163.286308323752	0.000736713362528774	0.985914122826009	694	19798	313	20117	1.67	47.62	0.75	48.39
chr5	23585437	23626003	chr5.64393	6.09238862354983	0.0016791813756773	0.98728252723956	543	24644	196	24870	1.34	60.75	0.48	61.31
chr5	23690876	23791845	chr5.64396	1.45222191289519	0.00136480263364734	0.977887856668879	835	50002	1712	51736	0.83	49.52	1.7	51.24
chr5	24253962	24263986	chr5.64430	5.43896365647803	0.00167471803071985	0.973580806065443	80	3102	135	3237	0.8	30.95	1.35	32.29
chr5	24301393	24318281	chr5.64438	1.14293737669402	0.00161084749486653	0.970455826622454	575	14375	116	14494	3.4	85.12	0.69	85.82
chr5	24765854	24778362	chr5.64447	6.31649508396586	0.000753222938689218	0.955436040933802	105	6007	141	6196	0.84	48.03	1.13	49.54
chr5	24785892	24797305	chr5.64448	39.6755067098543	0.000806226285498632	0.960680189257864	274	3961	510	4510	2.4	34.71	4.47	39.52
chr5	24797393	24815164	chr5.64450	1.10376977520618	0.000993700061846744	0.97906881998762	307	11905	214	12258	1.73	66.99	1.2	68.98
chr5	24816583	24835388	chr5.64451	11.7602523652962	0.00092395623630732	0.979080138261101	375	12136	201	12339	1.99	64.54	1.07	65.62
chr5	24840692	24845323	chr5.64452	33.9284396933019	0.000473164370546318	0.986087885985748	5	1905	85	1964	0.11	41.14	1.84	42.41
chr5	24845626	24851286	chr5.64455	31.6030881344221	0.000816835808548355	0.987834098939929	0	5121	0	5121	0	90.48	0	90.48
chr5	24851593	24862823	chr5.64457	2.90980645730957	0.00107505996306177	0.988	123	6687	25	6762	1.1	59.55	0.22	60.21
chr5	24863061	24879923	chr5.64458	1.1340883795437	0.0011370569317155	0.979549875459613	283	7451	776	8272	1.68	44.19	4.6	49.06
chr5	25306281	25311043	chr5.64464	2.29665271375284	0.00121951180487805	0.955821923561529	0	3414	0	3414	0	71.69	0	71.69
chr5	25311114	25314603	chr5.64465	2.46318068949688	0.000441515209665956	0.95047234164517	0	1943	262	2205	0	55.69	7.51	63.2
chr5	25316576	25319942	chr5.64466	1.61316704881017	0.00141993768536428	0.95	0	940	0	940	0	27.93	0	27.93
chr5	25456628	25480089	chr5.64488	41.669535284	0.00122000435134588	0.985334938834662	798	15882	467	16345	3.4	67.7	1.99	69.67
chr5	25480301	25495188	chr5.64489	1.638992769882	0.000911326303742038	0.982178477866595	1522	10782	287	11417	10.22	72.43	1.93	76.69
chr5	25523637	25543265	chr5.64496	1.28032283837452	0.00112710894456548	0.992888832280416	245	10090	159	10250	1.25	51.41	0.81	52.22
chr5	25545882	25572941	chr5.64497	1.144027202838	0.00102124824391593	0.993248087512473	212	16485	296	16911	0.78	60.92	1.09	62.5
chr5	25592082	25665407	chr5.64502	1.81217796135926	0.000786305399638614	0.990475458574838	725	45837	396	46132	0.99	62.51	0.54	62.91
chr5	25666162	25675660	chr5.64507	1.60036242784281	0.000767635247761194	0.991482101495052	223	4792	397	5080	2.35	50.45	4.18	53.48
chr5	25717507	25777014	chr5.64509	1.89092417049117	0.00125764228718624	0.981466886248677	607	33978	962	34985	1.02	57.1	1.62	58.79
chr5	25778540	25785828	chr5.64510	12.6825152322928	0.00141400825647782	0.993	0	3363	70	3433	0	46.14	0.96	47.1
chr5	25786222	25788487	chr5.64513	18.1870015085095	0.00186981663611366	0.993	0	1378	0	1378	0	60.84	0	60.84
chr5	25788652	25821684	chr5.64514	10.9206772682472	0.00138994619507335	0.993742643497215	106	19353	450	19803	0.32	58.59	1.36	59.95
chr5	25823788	25829300	chr5.64515	6.1616373870004	0.00115728813604713	0.994	664	4051	0	4052	12.05	73.49	0	73.51
chr5	25829620	25833268	chr5.64516	10.3439373172265	0.00184000164705882	0.994	59	3611	0	3611	1.62	98.99	0	98.99
chr5	25833896	25889776	chr5.64517	5.52170636353758	0.00141281456614578	0.993097279885469	1006	40529	31	40684	1.8	72.53	0.06	72.81
chr5	26111767	26135161	chr5.64538	3.30695594477152	0.000768831242088207	0.993239719586219	65	12784	321	13116	0.28	54.65	1.37	56.07
chr5	26135810	26182281	chr5.64540	1.00714908295829	0.00136951721135927	0.988749779432334	648	23831	508	24570	1.39	51.28	1.09	52.87
chr5	26182333	26198538	chr5.64542	4.54399659993638	0.000787862934332165	0.989761987041037	311	10508	45	10556	1.92	64.84	0.28	65.14
chr5	26278914	26295926	chr5.64546	1.75919655926741	0.00114866009926811	0.979709146484834	104	8250	204	8476	0.61	48.5	1.2	49.82
chr5	26295942	26341272	chr5.64547	11.288324708933	0.000955384475958714	0.986713434811383	745	23887	207	24139	1.64	52.7	0.46	53.25
chr5	26341294	26357138	chr5.64548	15.0491055240277	0.00099381676728041	0.988	143	9218	29	9270	0.9	58.18	0.18	58.51
chr5	26357533	26378702	chr5.64549	1.85256319080324	0.00104489790714617	0.987314610987765	288	16693	106	16863	1.36	78.86	0.5	79.66
chr5	26399928	26417061	chr5.64551	0.980376719068207	0.000838457223722024	0.984488706005953	31	13354	260	13614	0.18	77.94	1.52	79.46
chr5	26702757	26711222	chr5.64559	1.35555983927314	0.000840008970635689	0.976538334317779	42	7151	0	7170	0.5	84.48	0	84.7
chr5	27164596	27164922	chr5.64574	1.77181744616411	0.00037071244813278	0.976	0	274	0	274	0	84.05	0	84.05
chr5	27165534	27176398	chr5.64575	1.28503290651135	0.00147111070854638	0.974155927835052	191	6657	43	6700	1.76	61.28	0.4	61.67
chr5	27191305	27323357	chr5.64576	1.52898585871542	0.000833338688950969	0.9652799503226	1457	63374	2142	65660	1.1	47.99	1.62	49.72
chr5	27443985	27472398	chr5.64580	5.52969374168	0.000888448872537385	0.963206349206349	238	14703	726	15145	0.84	51.75	2.56	53.3
chr5	27676639	27701713	chr5.64587	0.984270276839587	0.00059365025128708	0.983251136635559	280	14624	305	14924	1.12	58.32	1.22	59.52
chr5	27773265	27773557	chr5.64593	4.7859177042769	0.00249734749034749	0.984	0	264	0	264	0	90.41	0	90.41
chr5	27773878	27783109	chr5.64595	13.2998927592252	0.00129975782389937	0.985667316650417	316	3770	248	4060	3.42	40.84	2.69	43.98
chr5	27783610	27804493	chr5.64596	13.2846304035596	0.00123338739627719	0.986764736867308	1394	9972	113	10149	6.68	47.75	0.54	48.6
chr5	27946082	28089329	chr5.64600	2.51357920457138	0.000984087903138723	0.968808903502342	2715	86973	3238	90580	1.9	60.72	2.26	63.23
chr5	28281728	28286070	chr5.64606	12.7551052339018	0.000948643841336117	0.990545370796868	0	1665	87	1752	0	38.35	2	40.35
chr5	28430851	28486907	chr5.64614	1.28761200239426	0.00111211144884373	0.977415031397174	776	30343	777	31248	1.38	54.13	1.39	55.74
chr5	28655056	28687954	chr5.64619	2.20147275404286	0.00102916541763966	0.981072071250532	557	16049	457	16546	1.69	48.78	1.39	50.29
chr5	29017670	29030953	chr5.64638	1.56965844310159	0.00121691062044414	0.979541218098321	91	7049	386	7424	0.69	53.07	2.91	55.89
chr5	29037039	29047778	chr5.64639	2.74902409821366	0.00207189479123173	0.962	235	5536	64	5680	2.19	51.55	0.6	52.89
chr5	29173082	29182586	chr5.64643	10.6277160701361	0.00144322514983864	0.98369255050505	120	4168	69	4274	1.26	43.86	0.73	44.97
chr5	29182754	29191805	chr5.64645	5.47094805919174	0.00151726259820426	0.985945751850624	36	7381	0	7381	0.4	81.55	0	81.55
chr5	29252274	29258284	chr5.64649	3.00584917034076	0.00282304976592713	0.976508985024958	36	3518	0	3533	0.6	58.54	0	58.79
chr5	29258840	29300495	chr5.64650	2.73465951536968	0.00126544281908771	0.970231448805666	1290	21102	911	22069	3.1	50.66	2.19	52.98
chr5	67293272	67312261	chr5.65773	267.703019619777	0.00148140872248038	0.961353415135078	547	9205	460	9737	2.88	48.48	2.42	51.28
chr5	67861292	67883232	chr5.65810	2.43938924060526	0.000859127448965612	0.960507201458523	186	16542	617	16558	0.85	75.4	2.81	75.47
chr5	70967110	71014989	chr5.65850	26.0438128746146	0.00166815635650325	0.965581862612001	928	28592	625	29420	1.94	59.72	1.31	61.45
chr5	71041840	71084197	chr5.65856	1.20515385660793	0.00157227471454771	0.958	319	19330	1186	20408	0.75	45.64	2.8	48.18
chr5	71084519	71084757	chr5.65857	3.83061409262907	9.75420600858369e-05	0.958	0	200	0	200	0	84.03	0	84.03
chr5	71084765	71108274	chr5.65858	4.51507997829011	0.00107708052781087	0.958	1212	17550	313	17799	5.16	74.65	1.33	75.71
chr5	71108413	71109435	chr5.65859	3.91250828369069	0.000196665952080706	0.958	0	525	15	540	0	51.37	1.47	52.84
chr5	71109915	71154023	chr5.65861	1.54676310088411	0.00163055502546689	0.950798948036637	142	32492	1536	33449	0.32	73.66	3.48	75.83
chr5	73505399	73528370	chr5.66036	43.6698915616384	0.00149493392868141	0.960584432545383	543	13216	467	13843	2.36	57.53	2.03	60.26
chr5	73528736	73569871	chr5.66037	6.11069285831968	0.00114914556465506	0.957515886714477	427	14569	1918	16468	1.04	35.42	4.66	40.03
chr5	73570356	73577767	chr5.66038	34.9896304580073	0.00156286642276423	0.9620860882472	56	3271	747	4028	0.76	44.14	10.08	54.35
chr5	75669370	75672659	chr5.66112	0.923761814777922	0.00127508846855059	0.952	65	1754	166	1920	1.98	53.33	5.05	58.38
chr5	75673442	75696590	chr5.66113	4.27674058765336	0.000652462807038616	0.955020649732158	89	9991	356	10330	0.38	43.16	1.54	44.63
chr5	83843742	83844007	chr5.66426	2.29325514048966	0.000183396326530612	0.961	0	265	0	265	0	100	0	100
chr5	83844017	83862748	chr5.66427	1.96489696593033	0.000395096020654045	0.956889808339117	229	8599	843	9531	1.22	45.91	4.5	50.88
chr5	83904670	83944834	chr5.66437	1.74524565067023	0.000662948633159494	0.953804451747834	472	13245	1326	14544	1.18	32.98	3.3	36.21
chr5	83960472	83975220	chr5.66438	1.94024724447432	0.000756609465509365	0.966049362625441	40	11180	365	11417	0.27	75.81	2.47	77.41
chr5	84361949	84399940	chr5.66458	2.46781015038	0.00061899302247053	0.953770761496144	426	18669	406	19086	1.12	49.14	1.07	50.24
chr5	84409231	84412642	chr5.66459	1.42556905460333	0.00304721741504854	0.968	0	435	18	448	0	12.75	0.53	13.13
chr5	84489760	84508775	chr5.66463	0.990054873415453	0.00150320075684067	0.966082671575072	612	12941	94	13096	3.22	68.06	0.49	68.87
chr5	84840109	84840893	chr5.66496	2.5215296146132	0.000526338274932615	0.957	0	0	0	0	0	0	0	0
chr5	84841120	84845215	chr5.66498	1.57413128199029	0.00131984986280868	0.955731868131868	0	2092	0	2092	0	51.09	0	51.09
chr5	103636959	103652337	chr5.67076	6.73774552528659	0.00122097294721408	0.955019963584341	0	2833	869	3694	0	18.42	5.65	24.02
chr5	103652657	103670547	chr5.67079	7.69162708001086	0.00112003133306752	0.967864393515931	71	7033	331	7364	0.4	39.31	1.85	41.16
chr5	103670884	103673479	chr5.67080	2.27464519867429	0.000491762427745665	0.962111368015414	0	372	78	450	0	14.34	3.01	17.34
chr5	105836379	105843979	chr5.67125	5.21051860012901	0.00051644619548407	0.9563675	298	6200	22	6222	3.92	81.58	0.29	81.87
chr5	105845233	105875083	chr5.67128	10.4063545628619	0.00058526405606896	0.962398961474037	748	16188	879	17067	2.51	54.23	2.94	57.18
chr5	105880029	105889063	chr5.67129	2.32631589900993	0.000580908865062762	0.972540181536418	41	5459	241	5720	0.45	60.43	2.67	63.32
chr5	105889235	105894109	chr5.67130	1.36156686393532	0.00100215170262542	0.979757899056217	47	2640	0	2640	0.96	54.16	0	54.16
chr5	105906326	105931167	chr5.67133	2.97508150724466	0.000762699098083427	0.976109697677227	1046	9581	751	10988	4.21	38.57	3.02	44.23
chr5	105931653	106004821	chr5.67134	3.6008577982071	0.000902640400962587	0.968622772250164	691	33521	1909	35514	0.94	45.81	2.61	48.54
chr5	107110506	107136821	chr5.67148	8.02509533805913	0.00127184883167644	0.954618392551776	226	12109	2089	14012	0.86	46.02	7.94	53.25
chr5	115966972	115971482	chr5.67455	11.8590297789018	0.00183499701492537	0.965466518847007	80	2083	98	2185	1.77	46.19	2.17	48.45
chr5	115971582	115995347	chr5.67456	5.9719502081422	0.000990556981671517	0.951007490006312	468	10242	1013	11243	1.97	43.1	4.26	47.31
chr5	116165883	116171180	chr5.67481	9.53555644379887	0.000804839513973269	0.962592410798565	90	1635	295	1913	1.7	30.87	5.57	36.11
chr5	116171857	116179576	chr5.67484	8.02436764363559	0.00173027629126214	0.963484259619122	87	5856	317	6175	1.13	75.86	4.11	80
chr5	116188342	116222097	chr5.67486	13.334564980068	0.00170037702323406	0.972877233002518	859	20625	1440	21924	2.54	61.1	4.27	64.95
chr5	116224202	116252820	chr5.67487	23.3997985460123	0.0011657248862368	0.975103606122021	152	15135	792	15866	0.53	52.89	2.77	55.44
chr5	116253021	116254277	chr5.67488	29.5127229025589	0.000553122471910112	0.980933917197452	60	493	0	528	4.78	39.25	0	42.04
chr5	116254599	116258667	chr5.67489	7.19061306066534	0.00256596988347774	0.979854965585054	74	1316	36	1352	1.82	32.35	0.88	33.24
chr5	116258873	116359113	chr5.67491	2.20681755468312	0.00114733155685031	0.957999002394254	1790	51156	2378	53498	1.79	51.03	2.37	53.37
chr5	116463660	116491004	chr5.67500	1.01012958889628	0.000614294136129767	0.972629242246928	291	9963	1269	11069	1.06	36.44	4.64	40.48
chr5	116491564	116552758	chr5.67501	13.6596293809981	0.000974731400837457	0.970312416249959	793	25313	1688	27187	1.3	41.37	2.76	44.43
chr5	116695085	116736584	chr5.67512	9.40157201631111	0.00159038853213649	0.954261958119473	206	21387	712	22148	0.5	51.54	1.72	53.37
chr5	117057792	117066055	chr5.67522	5.69567569104024	0.00101841970490899	0.96804586711848	0	4710	0	4710	0	57	0	57
chr5	120848760	120911488	chr5.67593	1.26091271106049	0.00131675363921405	0.962775666369086	220	43269	145	43436	0.35	68.98	0.23	69.24
chr5	120912032	120917694	chr5.67594	3.65178324644008	0.00123808549649773	0.961010067114094	60	1689	0	1706	1.06	29.83	0	30.13
chr5	120918241	120951931	chr5.67595	5.77806036322287	0.00145182959524024	0.962982249925794	492	26472	100	26581	1.46	78.58	0.3	78.9
chr5	120952565	120988737	chr5.67596	7.02986551204965	0.00135805220317317	0.962028945040363	1031	25088	220	25405	2.85	69.36	0.61	70.23
chr5	123741208	123771850	chr5.67718	8.23904400545511	0.00119521286961555	0.958600613536975	295	20348	595	21009	0.96	66.41	1.94	68.56
chr5	123805594	123814846	chr5.67723	3.34690717027319	0.0012293595621378	0.957499783830523	45	4112	32	4144	0.49	44.44	0.35	44.79
chr5	123815187	123828524	chr5.67724	2.90516848745383	0.00136472106066387	0.954881757516683	79	11854	311	12165	0.59	88.88	2.33	91.21
chr5	124969756	124986195	chr5.67774	1.76461061857635	0.000444643988424099	0.966714885333658	188	15124	338	15508	1.14	92	2.06	94.34
chr5	124987751	125040044	chr5.67775	3.61891276332462	0.00143175718713035	0.956014992446408	637	28238	2999	31278	1.22	54	5.73	59.81
chr5	159188070	159203780	chr5.68921	7.45971806232456	0.000836781533618956	0.960279312539783	176	9326	958	10138	1.12	59.36	6.1	64.53
chr5	161702742	161710243	chr5.69019	3.41263179297739	0.00119271887640449	0.954807625649913	243	5823	35	5858	3.24	77.63	0.47	78.1
chr5	161710335	161786658	chr5.69020	0.92189583895361	0.00114154892491533	0.951522424433002	623	52270	1066	53367	0.82	68.49	1.4	69.92
chr5	161794687	161851026	chr5.69026	3.79176202459495	0.000997992866716307	0.95542879710325	886	30808	426	31342	1.57	54.68	0.76	55.63
chr5	162051125	162088766	chr5.69035	2.1637319845176	0.000557846064316215	0.966061183284185	263	20898	606	21565	0.7	55.52	1.61	57.29
chr5	162094138	162153971	chr5.69037	4.92462222222	0.000807658482455731	0.962077632744472	977	27582	1469	28972	1.63	46.1	2.46	48.42
chr5	162249429	162278059	chr5.69043	0.989596427533482	0.000819299527906001	0.970955571079287	195	16889	206	17184	0.68	58.99	0.72	60.02
chr5	162341237	162371839	chr5.69048	22.0951257374	0.000981934269987298	0.968252990000653	523	20203	939	21200	1.71	66.02	3.07	69.28
chr5	163287983	163374076	chr5.69081	2.10737265410453	0.0014767022104722	0.959532191931981	1022	46474	4391	50974	1.19	53.98	5.1	59.21
chr5	163508835	163546103	chr5.69090	24.8992130153283	0.000819149305665391	0.972797869485886	320	14889	3136	18022	0.86	39.95	8.41	48.36
chr5	164763283	164763501	chr5.69141	1.60439136065833	0	0.95106880733945	0	0	84	84	0	0	38.53	38.53
chr5	164763836	164778484	chr5.69145	1.6364536118157	0.000856146318520921	0.961311237028946	593	5412	519	5918	4.05	36.95	3.54	40.4
chr5	164874815	164880863	chr5.69152	3.95171259488198	0.000965143929280173	0.968048611111111	114	2366	572	2938	1.88	39.12	9.46	48.58
chr5	164900640	164960769	chr5.69154	7.25578121503235	0.00107119241606831	0.978507558748691	292	28154	4086	32189	0.49	46.82	6.8	53.53
chr5	164961197	164980910	chr5.69155	15.6690474832442	0.00133980583984375	0.992369400902958	1028	9330	890	10139	5.21	47.33	4.51	51.43
chr5	165004367	165036445	chr5.69159	14.1834466402777	0.000671499338142336	0.990255096951182	679	16217	1774	17847	2.12	50.55	5.53	55.64
chr5	165049327	165090624	chr5.69165	11.5234356973431	0.0011249593080095	0.986431944209022	770	14080	3793	17753	1.86	34.09	9.18	42.99
chr5	165096310	165173539	chr5.69170	7.72740760722727	0.000835075333377235	0.975918113661966	660	39472	3993	43502	0.85	51.11	5.17	56.33
chr5	165487234	165499571	chr5.69198	1.81301485703693	0.000553347616224913	0.980047013050174	139	3482	1295	4729	1.13	28.22	10.5	38.33
chr5	165502218	165513911	chr5.69209	5.29674982343667	0.00121439828110161	0.977615325408364	245	5522	1678	6986	2.1	47.22	14.35	59.75
chr5	165514341	165522827	chr5.69210	2.25119535055154	0.00221070393615373	0.990679472071648	57	4121	287	4346	0.67	48.56	3.38	51.21
chr5	166174145	166233966	chr5.69230	1.0558316126259	0.000661456984701623	0.969258889018906	2045	34940	3597	38506	3.42	58.41	6.01	64.37
chr5	166259345	166283128	chr5.69244	5.99038048903075	0.000348116525488207	0.979217256023209	347	9912	2124	11908	1.46	41.68	8.93	50.07
chr5	166286060	166288608	chr5.69245	7.22427690848743	0.000362705237315876	0.989523155416013	89	1025	0	1046	3.49	40.23	0	41.05
chr5	166288945	166290241	chr5.69247	8.85885638928402	0.000141484222919937	0.982020833333333	0	383	225	448	0	29.55	17.36	34.57
chr5	166290691	166293461	chr5.69248	10.655519005848	0.000513136008836524	0.986784115523466	0	680	128	808	0	24.55	4.62	29.17
chr5	166295137	166321136	chr5.69249	4.45470199993226	0.000939014599969866	0.957576406784876	355	12314	2795	14826	1.37	47.36	10.75	57.03
chr5	166323832	166328473	chr5.69252	1.19263583766955	0.000822593684554974	0.951746606334842	199	1864	522	2390	4.29	40.16	11.25	51.5
chr5	166328873	166332226	chr5.69253	15.4321046309901	0.000408623062523399	0.969135102892932	0	928	186	1030	0	27.68	5.55	30.72
chr5	166399822	166402716	chr5.69256	1.87812109136251	0.000538258438287154	0.958095369730477	30	873	137	1013	1.04	30.17	4.73	35
chr5	166422923	166436712	chr5.69261	25.7373326192	0.000561611957730812	0.977337515410835	140	4842	1485	6365	1.02	35.11	10.77	46.16
chr5	166546590	166560679	chr5.69271	1.3486100523266	0.000504272617967332	0.952010788558451	34	4098	1349	5122	0.24	29.09	9.57	36.35
chr5	168732678	168742405	chr5.69327	5.73929041253674	0.000801821731025299	0.956510434872006	184	6864	255	7165	1.89	70.57	2.62	73.66
chr5	168742920	168759927	chr5.69328	4.51879847856727	0.000691092332377441	0.966615276062798	0	13822	481	13946	0	81.27	2.83	82
chr5	168759970	168787758	chr5.69330	1.64639724374367	0.000897639824523861	0.956936843241687	277	13926	1283	14968	1	50.12	4.62	53.86
chr5	169725231	169733560	chr5.69366	7.37408771290601	0.000399586577791244	0.951165566094369	125	3010	110	3193	1.5	36.14	1.32	38.34
chr5	169739720	169758396	chr5.69378	269.511780259239	0.000890442281059063	0.962563557506961	502	10190	109	10354	2.69	54.56	0.58	55.44
chr5	169762104	169779474	chr5.69379	7.70195644269924	0.00110632257570928	0.952349913644214	38	7490	436	7859	0.22	43.12	2.51	45.24
chr5	170885162	170976960	chr5.69416	8.92645903218521	0.00102029662841133	0.95525365476372	2818	48135	4707	52534	3.07	52.44	5.13	57.23
chr5	170977230	170995857	chr5.69417	1.53937920825918	0.00113785666695509	0.972674128952596	302	15673	443	15730	1.62	84.14	2.38	84.45
chr5	171011657	171106691	chr5.69421	8.81099321849117	0.00111938215769121	0.974181598164867	1254	47219	6305	52772	1.32	49.69	6.63	55.53
chr5	171117372	171127611	chr5.69423	1.00835150623983	0.000897707006656888	0.970638929582967	868	4384	324	4742	8.48	42.82	3.16	46.31
chr5	171166173	171166654	chr5.69424	11.6356948034318	0.000562113097713098	0.959933471933472	0	293	0	293	0	60.91	0	60.91
chr5	171167168	171172705	chr5.69425	10.5068007445122	0.000882115291936979	0.964087592559147	133	3163	262	3254	2.4	57.12	4.73	58.77
chr5	171222771	171247674	chr5.69435	15.6625392584348	0.0010440722765663	0.966930329679155	217	15658	1480	16932	0.87	62.88	5.94	67.99
chr5	171248242	171252983	chr5.69436	12.3400249777451	0.00104730223628692	0.967508542501582	50	1283	253	1519	1.05	27.06	5.34	32.04
chr5	171253543	171261259	chr5.69437	15.1283773062273	0.00137217897582697	0.957777345775013	71	6064	191	6064	0.92	78.59	2.48	78.59
chr5	171903832	171911439	chr5.69465	2.42022481126713	0.000840869441903019	0.953408702510845	29	5512	37	5540	0.38	72.46	0.49	72.83
chr5	171912136	171920411	chr5.69466	5.85146895150649	0.00108065848273818	0.958	152	3286	136	3419	1.84	39.71	1.64	41.32
chr5	171920552	171929650	chr5.69467	1.58651031727939	0.00113591731949722	0.960590789184436	114	5186	89	5336	1.25	57	0.98	58.65
chr5	171937125	171954343	chr5.69472	1.31753867532708	0.00102075819547786	0.963	413	13526	478	13932	2.4	78.56	2.78	80.92
chr5	173182199	173182864	chr5.69565	12.4022235905219	0.00150650842105263	0.958595488721805	0	415	7	415	0	62.41	1.05	62.41
chr5	173183253	173184541	chr5.69566	8.92577391745711	0.00153981319875776	0.958	0	162	168	330	0	12.58	13.04	25.62
chr5	173185448	173185648	chr5.69567	5.23427774067312	0.001759405	0.958	0	59	0	59	0	29.5	0	29.5
chr5	173186181	173188403	chr5.69568	1.27298111648436	0.00113040279027903	0.953690369036904	0	886	0	886	0	39.87	0	39.87
chr5	173711892	173746602	chr5.69603	5.3320868575322	0.00121232491432967	0.981245203111495	425	18652	461	19092	1.22	53.74	1.33	55
chr5	173748215	173750649	chr5.69604	127.559005933165	0.00134039476891823	0.982	44	1749	21	1749	1.81	71.86	0.86	71.86
chr5	173751615	173752536	chr5.69606	77.8850100078158	0.00247674929424539	0.982	0	773	0	773	0	83.93	0	83.93
chr5	173752682	173753404	chr5.69607	15.9737031001211	0.00336213571428571	0.982	0	198	0	198	0	27.42	0	27.42
chr5	173753919	173756614	chr5.69608	2.54148899563198	0.00245972038616974	0.981965491651206	0	933	37	970	0	34.62	1.37	35.99
chr5	173757506	173763297	chr5.69609	1.47539856614457	0.00116880052290316	0.986361250215852	50	3935	65	4000	0.86	67.95	1.12	69.07
chr5	173996742	174017362	chr5.69612	3.84494923038	0.000937381616111998	0.976174005819593	183	8196	864	9106	0.89	39.75	4.19	44.16
chr5	174025833	174033537	chr5.69613	5.56067487183619	0.000858278421774036	0.981657191069574	121	6968	66	6971	1.57	90.45	0.86	90.49
chr5	174061266	174100727	chr5.69622	1.18306198790803	0.000961193033474207	0.972973872937837	810	20678	1918	22597	2.05	52.4	4.86	57.26
chr5	174103734	174129337	chr5.69623	2.24231520654607	0.000993816406032612	0.970348552903956	1063	15123	704	15901	4.15	59.07	2.75	62.11
chr5	174132617	174149343	chr5.69624	25.8541969457633	0.00101614204648107	0.952681214875044	220	8797	860	9427	1.32	52.59	5.14	56.36
chr5	174163896	174170260	chr5.69629	34.3420036135503	0.000774079927797834	0.965772627278441	223	2592	469	3055	3.5	40.73	7.37	48
chr5	174171460	174178306	chr5.69630	1.83082283654535	0.000527049009096816	0.976907537248028	0	3363	591	3917	0	49.12	8.63	57.22
chr5	174287430	174336819	chr5.69636	2.46355882922857	0.00132939677665591	0.988	1410	36976	182	37211	2.85	74.87	0.37	75.34
chr5	174422734	174430048	chr5.69637	91.0266270180143	0.00116302169106663	0.987452556740498	31	5069	358	5346	0.42	69.31	4.89	73.09
chr5	174446176	174476212	chr5.69643	12.0678525001632	0.000958272883661386	0.984240811026768	628	16791	562	17429	2.09	55.9	1.87	58.03
chr5	174478152	174482192	chr5.69644	3.41091873895987	0.0027226288	0.98592301980198	0	2125	157	2282	0	52.6	3.89	56.49
chr5	174497327	174552601	chr5.69647	8.3256830601	0.000940844083799875	0.987152784310888	1252	35056	556	35671	2.27	63.42	1.01	64.53
chr5	174573253	174611913	chr5.69649	6.25743845498787	0.00144308378085244	0.987554992240041	202	24086	300	24426	0.52	62.3	0.78	63.18
chr5	174616638	174633919	chr5.69652	6.2651931741251	0.00106118235504653	0.987940223366703	276	10236	12	10313	1.6	59.23	0.07	59.68
chr5	174634024	174638059	chr5.69653	9.159938635533	0.000383572125630959	0.987032961586121	0	937	207	1144	0	23.22	5.13	28.35
chr5	174638142	174643784	chr5.69654	7.89042673440252	0.000731637424589141	0.988	192	1952	153	2118	3.4	34.6	2.71	37.54
chr5	174644498	174676853	chr5.69655	17.6212969393715	0.00100278160557134	0.987713707309535	759	13164	199	13677	2.35	40.69	0.62	42.27
chr5	174677423	174714894	chr5.69656	58.9831626966255	0.00114416920469122	0.982438125483707	664	21717	357	22218	1.77	57.96	0.95	59.29
chr5	174717889	174758300	chr5.69657	4.77560731321535	0.000915651261776062	0.979952735641286	447	23916	303	24343	1.11	59.18	0.75	60.24
chr5	174774739	174774993	chr5.69660	2.35521263379555	0	0.982	41	254	0	254	16.14	100	0	100
chr5	174790161	174808951	chr5.69662	5.41999976859968	0.00112309256850263	0.980635497605109	42	11698	161	11859	0.22	62.26	0.86	63.11
chr5	174824029	174850649	chr5.69663	14.7415421196084	0.00113371718777601	0.966420398196845	675	20892	166	21136	2.54	78.48	0.62	79.4
chr5	175140843	175174163	chr5.69682	8.73543034652463	0.00118849922360248	0.968533613445378	191	18664	605	19160	0.57	56.01	1.82	57.5
chr5	175174896	175197578	chr5.69683	917.607575604206	0.000784981693771096	0.966991402874526	46	18131	654	18756	0.2	79.94	2.88	82.69
chr5	175198137	175215602	chr5.69684	507.496373225028	0.00104061284130504	0.950837102776983	207	10304	448	10739	1.19	59	2.57	61.49
chr5	178245436	178251356	chr5.69732	NA	0.00181216171191901	0.952	60	5395	0	5395	1.01	91.13	0	91.13
