chrom	chromStart	chromEnd	id	st.recomb	st.diversity	st.bkgd	bp.simpleRepeat	bp.rmskRM327	bp.phastConsElements46wayPlacMammal	bp.allSoftRegions	perc.simpleRepeat	perc.rmskRM327	perc.phastConsElements46wayPlacMammal	perc.allSoftRegions
chr7	305551	306696	chr7.76006	NA	0.00131631632124352	-1	244	74	0	280	21.31	6.46	0	24.45
chr7	307061	307424	chr7.76010	NA	0.00288715086705202	-1	0	0	0	0	0	0	0	0
chr7	308557	309488	chr7.76011	NA	0.000883323305084746	-1	399	256	0	485	42.86	27.5	0	52.09
chr7	309614	318237	chr7.76015	NA	0.00165416524100475	-1	967	6490	0	7115	11.21	75.26	0	82.51
chr7	319056	320539	chr7.76016	NA	0.00165811631827377	-1	0	944	0	944	0	63.65	0	63.65
chr7	320788	330135	chr7.76017	NA	0.00188898661476645	-1	730	3808	67	4287	7.81	40.74	0.72	45.86
chr7	334388	336744	chr7.76018	NA	0.00246848017621145	-1	0	373	0	373	0	15.83	0	15.83
chr7	337409	338232	chr7.76020	NA	0.00303149358178054	-1	0	0	0	0	0	0	0	0
chr7	338627	340415	chr7.76021	NA	0.00178575356942102	-1	0	0	24	24	0	0	1.34	1.34
chr7	340715	343626	chr7.76027	NA	0.00181686608790016	-1	239	1283	0	1284	8.21	44.07	0	44.11
chr7	343716	361529	chr7.76028	NA	0.00181362904141495	-1	1344	10986	100	11527	7.55	61.67	0.56	64.71
chr7	361934	370921	chr7.76032	NA	0.000589332978244561	-1	63	4582	89	4700	0.7	50.98	0.99	52.3
chr7	372176	372681	chr7.76033	NA	0	-1	0	0	0	0	0	0	0	0
chr7	373169	373693	chr7.76035	NA	0	-1	0	28	246	274	0	5.34	46.95	52.29
chr7	374069	376248	chr7.76042	NA	0	-1	883	1053	0	1132	40.52	48.32	0	51.95
chr7	377010	377656	chr7.76043	NA	0.000308959134615385	-1	99	57	0	156	15.33	8.82	0	24.15
chr7	382060	383601	chr7.76050	NA	0.000865086204620462	-1	45	0	192	237	2.92	0	12.46	15.38
chr7	384183	388807	chr7.76051	NA	0.00226634350824588	-1	541	1070	0	1611	11.7	23.14	0	34.84
chr7	389721	390152	chr7.76054	NA	0.00028409125	-1	158	119	0	158	36.66	27.61	0	36.66
chr7	391391	393070	chr7.76063	NA	0.00099528443877551	-1	31	217	0	248	1.85	12.92	0	14.77
chr7	393370	410658	chr7.76064	NA	0.00194224542498022	-1	1806	7585	186	8383	10.45	43.87	1.08	48.49
chr7	411197	419195	chr7.76066	NA	0.00263504100473006	-1	305	1257	89	1572	3.81	15.72	1.11	19.65
chr7	422845	442566	chr7.76067	NA	0.0011275342249047	-1	717	11669	22	11989	3.64	59.17	0.11	60.79
chr7	499623	502868	chr7.76068	NA	0.00155997063797079	-1	47	442	172	661	1.45	13.62	5.3	20.37
chr7	503915	515181	chr7.76069	NA	0.00139823686781156	-1	2944	5473	166	6384	26.13	48.58	1.47	56.67
chr7	515778	522596	chr7.76070	NA	0.00116801395282751	0.978504546787914	1616	3116	91	3263	23.7	45.7	1.33	47.86
chr7	564870	567215	chr7.76074	NA	0.00143187147869674	0.982	0	765	0	765	0	32.62	0	32.62
chr7	567590	568924	chr7.76075	NA	0.000643281623277182	0.982	750	1132	0	1179	56.22	84.86	0	88.38
chr7	569632	571208	chr7.76079	NA	0.00115329003215434	0.982	110	574	0	613	6.98	36.42	0	38.9
chr7	571468	573031	chr7.76080	NA	0.00331881728395062	0.982	79	255	0	258	5.05	16.31	0	16.51
chr7	573546	573961	chr7.76081	NA	0.000608973770491803	0.982	66	214	0	214	15.9	51.57	0	51.57
chr7	574435	576050	chr7.76084	NA	0.0013693486562942	0.982	0	976	0	976	0	60.43	0	60.43
chr7	576843	581340	chr7.76085	NA	0.00277596001296176	0.982	319	910	38	1194	7.09	20.24	0.85	26.55
chr7	582611	582951	chr7.76092	NA	0.00494749050847458	0.982	0	0	15	15	0	0	4.41	4.41
chr7	585204	588824	chr7.76093	NA	0.00180953546544832	0.982	214	2950	0	3130	5.91	81.49	0	86.46
chr7	1689947	1703806	chr7.76100	NA	0.000946379245696743	0.958614330038242	301	8260	87	8263	2.17	59.6	0.63	59.62
chr7	1710491	1717762	chr7.76101	NA	0.00094149362489487	0.964	296	1029	179	1466	4.07	14.15	2.46	20.16
chr7	1718199	1729973	chr7.76104	NA	0.000391184457882453	0.964	550	8120	0	8188	4.67	68.97	0	69.54
chr7	1730596	1731541	chr7.76119	NA	4.81001058201058e-05	0.964	0	341	64	405	0	36.08	6.77	42.86
chr7	1732086	1732445	chr7.76120	NA	0	0.964	0	76	0	76	0	21.17	0	21.17
chr7	1733961	1734858	chr7.76121	NA	0.00143022965440357	0.964	0	0	107	107	0	0	11.93	11.93
chr7	1735383	1743339	chr7.76122	NA	0.000696696825669183	0.963901709401709	270	5814	299	5987	3.39	73.08	3.76	75.25
chr7	1743557	1748723	chr7.76123	NA	0.00115456902455508	0.963	119	999	371	1404	2.3	19.34	7.18	27.18
chr7	1787590	1797655	chr7.76124	NA	0.00153934858471761	0.953622652757079	304	5523	72	5589	3.02	54.87	0.72	55.53
chr7	2910420	2913750	chr7.76182	3.83426145870958	0.00121980760330579	0.958	123	1116	0	1204	3.69	33.51	0	36.16
chr7	2914070	2916850	chr7.76183	2.22664175764335	0.00083288909863143	0.958	0	1514	144	1658	0	54.46	5.18	59.64
chr7	2917084	2935313	chr7.76184	79.8894171662023	0.00138160755950557	0.966472543748972	225	9846	306	10227	1.23	54.01	1.68	56.1
chr7	2935777	2944473	chr7.76185	182.032213323894	0.00155256117781589	0.97	75	4684	31	4706	0.86	53.86	0.36	54.12
chr7	3083606	3088949	chr7.76187	4.36149930009212	0.00142010829155418	0.988	111	3609	34	3690	2.08	67.55	0.64	69.06
chr7	3089311	3090714	chr7.76188	15.7592042879224	0.000532300705882353	0.988	447	1000	0	1045	31.86	71.28	0	74.48
chr7	3090715	3104834	chr7.76189	11.3407895455396	0.00157080500592687	0.988	442	9826	354	10203	3.13	69.59	2.51	72.26
chr7	3119039	3120665	chr7.76195	0.988622375311406	0.00107507387820513	0.985538130381304	43	1411	0	1453	2.64	86.78	0	89.36
chr7	3121214	3122885	chr7.76196	1.06839868372236	0.00137070524886878	0.980644524236984	38	917	1	921	2.27	54.88	0.06	55.12
chr7	3139601	3152602	chr7.76201	3.32888008046076	0.00248698672178988	0.987201522959772	170	6836	348	7246	1.31	52.58	2.68	55.73
chr7	3153164	3159690	chr7.76202	7.18963714750973	0.0024528834268612	0.988	274	2702	127	2851	4.2	41.4	1.95	43.69
chr7	3234771	3236257	chr7.76211	1.76426987194732	0.00104513514352211	0.982	0	977	0	977	0	65.75	0	65.75
chr7	3237888	3243815	chr7.76212	4.2093718671268	0.00176647462157048	0.982	0	4450	125	4575	0	75.08	2.11	77.19
chr7	3244377	3250541	chr7.76213	2.99919171212238	0.0020348643169058	0.982	222	4243	175	4290	3.6	68.84	2.84	69.6
chr7	3254424	3277098	chr7.76216	3.60192153561857	0.00119178096432724	0.981236702831437	693	16469	406	16896	3.06	72.63	1.79	74.52
chr7	8953456	8991890	chr7.76245	0.93208851881875	0.00260161292954963	0.973016808034553	300	18385	1411	19883	0.78	47.84	3.67	51.73
chr7	8994434	8999080	chr7.76246	17.8234265319994	0.00301032599871134	0.973776151528196	31	1801	237	2038	0.67	38.76	5.1	43.87
chr7	8999737	9021159	chr7.76247	937.147840702046	0.00150846368086658	0.981325413126692	350	7097	1969	9117	1.63	33.13	9.19	42.56
chr7	9021470	9031601	chr7.76248	0.983254977692797	0.0010477921968137	0.985287632020531	183	5414	1529	6943	1.81	53.44	15.09	68.53
chr7	9031949	9073648	chr7.76250	1.98846551787193	0.00144698870967742	0.983584570373391	492	21106	1329	22520	1.18	50.62	3.19	54.01
chr7	9281507	9286936	chr7.76253	5.92832459335517	0.00236729738769531	0.991681709338736	0	2855	333	3188	0	52.59	6.13	58.72
chr7	9299718	9325921	chr7.76256	4.6353392154595	0.00180915492744592	0.979533717513262	260	10739	968	11667	0.99	40.98	3.69	44.53
chr7	9338589	9373811	chr7.76258	1.89862792429703	0.000979140449196547	0.983346289251036	300	15336	1074	16456	0.85	43.54	3.05	46.72
chr7	9374066	9376830	chr7.76259	3.10691472003686	0.000491093926940639	0.992027496382055	0	763	176	939	0	27.6	6.37	33.97
chr7	9377085	9443480	chr7.76260	7.40075294592629	0.000956410109357014	0.990733488967543	547	43599	867	44480	0.82	65.67	1.31	66.99
chr7	9627157	9634308	chr7.76265	12.8098086286269	0.00157192646078649	0.977953712767445	0	5588	22	5610	0	78.14	0.31	78.45
chr7	10114595	10115983	chr7.76273	5.0149353419289	0.00133434989138306	0.988	0	0	259	259	0	0	18.66	18.66
chr7	10116214	10121133	chr7.76275	7.18215734510729	0.00168287927072927	0.988	84	3423	0	3423	1.71	69.59	0	69.59
chr7	10121507	10124902	chr7.76276	2.75475828601124	0.00110879773195876	0.988	0	569	14	583	0	16.76	0.41	17.17
chr7	10136458	10154689	chr7.76278	1.46935686444503	0.00135568179920544	0.969712906587681	224	6502	902	7417	1.23	35.66	4.95	40.68
chr7	10154965	10158277	chr7.76280	3.84838844329	0.00192926492702344	0.963828502415459	221	1579	0	1579	6.67	47.68	0	47.68
chr7	10158823	10160949	chr7.76282	1.53341060576264	0.00161093729227762	0.951866886171213	0	550	0	550	0	25.87	0	25.87
chr7	10344823	10371530	chr7.76298	17.81560945275	0.00191387610105263	0.966315947129966	142	10055	1368	11496	0.53	37.65	5.12	43.04
chr7	10448592	10488613	chr7.76302	9.04990803047218	0.00152573393941243	0.957320306838909	124	23550	1217	24723	0.31	58.84	3.04	61.78
chr7	12883550	12909668	chr7.76380	2.33842640988586	0.00165184030149636	0.962428018990734	488	14083	514	14709	1.87	53.92	1.97	56.32
chr7	12919512	12943311	chr7.76382	8.0050167224	0.00215272172920389	0.971547165847304	578	7160	185	7345	2.43	30.09	0.78	30.86
chr7	12951014	12975214	chr7.76389	45.81727170701	0.00181224894623454	0.974149338842975	424	6684	416	7286	1.75	27.62	1.72	30.11
chr7	15806829	15815974	chr7.76439	15.0958261579403	0.000785399787460149	0.958047676325861	182	7562	0	7565	1.99	82.69	0	82.72
chr7	15816063	15816715	chr7.76442	14.6481980180143	0.00171243849693252	0.963	0	301	16	317	0	46.17	2.45	48.62
chr7	15817085	15843473	chr7.76443	3.11238669338982	0.00096177410854232	0.956806995604062	416	16609	1488	18017	1.58	62.94	5.64	68.28
chr7	25477333	25506115	chr7.76784	1.39511906143335	0.000860947833461835	0.953457369189077	270	21071	632	21699	0.94	73.21	2.2	75.39
chr7	36784582	36787319	chr7.77038	6.87537731237163	0.00038253238512035	0.950968578735842	0	497	49	546	0	18.16	1.79	19.95
chr7	36787512	36790291	chr7.77039	20.968307840784	0.00139978261532596	0.951577905721482	0	886	0	886	0	31.88	0	31.88
chr7	37489049	37510853	chr7.77062	11.3562332622633	0.000689159508540945	0.962183865345808	215	9856	249	10101	0.99	45.2	1.14	46.33
chr7	38166514	38182531	chr7.77068	46.927548138597	0.000684217122557727	0.952742148966723	210	11751	161	11923	1.31	73.37	1.01	74.44
chr7	40937088	41004276	chr7.77135	6.48820029884348	0.00112544493034154	0.967300113115437	1221	42041	1429	43457	1.82	62.57	2.13	64.68
chr7	41118215	41141201	chr7.77148	2.82742952843802	0.000765981412656806	0.969488253719656	281	11695	1164	12814	1.22	50.88	5.06	55.75
chr7	41290257	41309286	chr7.77156	1.96194902339764	0.00134813648410396	0.966280519207525	104	8530	925	9326	0.55	44.83	4.86	49.01
chr7	41309952	41311287	chr7.77157	1.69013276838569	0.000556221535580524	0.954448689138577	33	518	15	518	2.47	38.8	1.12	38.8
chr7	41311976	41406597	chr7.77158	1.86357927551888	0.000799451090295422	0.955891778780609	2041	40053	6036	45722	2.16	42.33	6.38	48.32
chr7	41407073	41415684	chr7.77159	25.0083361740672	0.00148765443521814	0.953437347578678	481	2823	549	3373	5.59	32.78	6.38	39.17
chr7	41415973	41420498	chr7.77161	1.54883448808958	0.00125299485082873	0.969077127071823	0	1264	42	1285	0	27.93	0.93	28.4
chr7	42497758	42518712	chr7.77215	5.85885505042539	0.000971151650446473	0.952511883172664	125	6865	458	7288	0.6	32.76	2.19	34.78
chr7	45358655	45431123	chr7.77414	2.58172897173246	0.00106758195478219	0.950570127504554	325	52890	281	53230	0.45	72.98	0.39	73.45
chr7	46102170	46113770	chr7.77432	0.96725312690879	0.00158111242382123	0.957952413793103	245	7751	55	7900	2.11	66.82	0.47	68.1
chr7	46175187	46247324	chr7.77437	3.89655722797548	0.00137151003109042	0.966452500103969	589	28967	429	29399	0.82	40.16	0.59	40.75
chr7	46266613	46283009	chr7.77439	0.92585752655843	0.00206569629700324	0.972225786777263	221	14056	73	14129	1.35	85.73	0.45	86.17
chr7	46521176	46562137	chr7.77448	4.45485436014741	0.000953549981072555	0.976	734	25451	267	25785	1.79	62.13	0.65	62.95
chr7	46562837	46588168	chr7.77449	11.4208766493009	0.00107082540944807	0.973034542655245	392	17903	45	17992	1.55	70.68	0.18	71.03
chr7	46675349	46689208	chr7.77452	2.15925129265009	0.001027326875	0.976	36	8887	0	8887	0.26	64.12	0	64.12
chr7	46689629	46713414	chr7.77457	6.38601870877428	0.000916233312581064	0.976	115	14040	45	14159	0.48	59.03	0.19	59.53
chr7	46812553	46813909	chr7.77461	1.96454970287745	0.00174097581120944	0.976	0	374	0	374	0	27.58	0	27.58
chr7	46814437	46814682	chr7.77462	2.27831554566089	9.27644897959184e-05	0.976	0	0	0	0	0	0	0	0
chr7	46815383	46820970	chr7.77463	2.08223059759772	0.000590363638750328	0.976	87	4502	0	4502	1.56	80.58	0	80.58
chr7	46904675	46930222	chr7.77468	2.45920666786451	0.00118924810566245	0.972978118761498	153	15302	269	15607	0.6	59.9	1.05	61.09
chr7	47191510	47225577	chr7.77470	2.12681579543526	0.00109014056793321	0.973077758534652	746	20048	25	20691	2.19	58.85	0.07	60.74
chr7	47226101	47229404	chr7.77471	5.27278005659399	0.00107973369377163	0.97	35	1294	16	1310	1.06	39.18	0.48	39.66
chr7	47229938	47242594	chr7.77472	3.40303338304866	0.000961979595361461	0.97	0	4808	21	4829	0	37.99	0.17	38.16
chr7	47243009	47254418	chr7.77473	3.68651558592596	0.000860060123370809	0.967721798580068	109	5957	0	5957	0.96	52.21	0	52.21
chr7	47254728	47283652	chr7.77474	8.33007393631097	0.000632063326900177	0.958411768773337	388	12933	228	13252	1.34	44.71	0.79	45.82
chr7	47622156	47622363	chr7.77479	1.61653502613911	0	0.969	0	112	0	112	0	54.11	0	54.11
chr7	47622991	47629093	chr7.77480	4.11780578604551	0.000918405393317548	0.97	482	2793	41	2863	7.9	45.77	0.67	46.92
chr7	47635056	47646082	chr7.77482	2.65560913152485	0.0011830027406765	0.97	330	8098	103	8263	2.99	73.44	0.93	74.94
chr7	47646427	47646716	chr7.77485	2.63725611972521	0	0.97	0	239	0	239	0	82.7	0	82.7
chr7	47646724	47652558	chr7.77486	2.62787093526557	0.00145991124657117	0.97	80	2465	0	2472	1.37	42.25	0	42.37
chr7	47701246	47703137	chr7.77489	5.9917364848961	0.000471337967914438	0.97	84	698	0	698	4.44	36.91	0	36.91
chr7	47703975	47709965	chr7.77490	1.86740265399272	0.00111132454421769	0.969992153589315	44	2284	0	2284	0.73	38.13	0	38.13
chr7	47710321	47728941	chr7.77493	6.84227523695281	0.00124551238667812	0.965936466165414	1763	13081	134	13281	9.47	70.25	0.72	71.33
chr7	47773831	47784294	chr7.77500	4.8836276019023	0.00211534172671127	0.958	378	5317	151	5468	3.61	50.82	1.44	52.26
chr7	47788420	47795195	chr7.77508	8.2330535073823	0.00274741156220323	0.952	219	4305	0	4305	3.23	63.54	0	63.54
chr7	47795612	47799597	chr7.77510	2.31913746498968	0.00243895781975844	0.952	154	891	88	980	3.86	22.36	2.21	24.59
chr7	47806370	47808318	chr7.77511	3.34708047758325	0.0018490450049456	0.952	104	1882	0	1882	5.34	96.61	0	96.61
chr7	49058171	49120755	chr7.77543	3.02141622448639	0.000997661026783999	0.952832768758788	738	32331	328	32790	1.18	51.66	0.52	52.39
chr7	49121101	49165331	chr7.77544	4.0725822355274	0.00135738678300409	0.96029941216369	442	26783	25	26887	1	60.55	0.06	60.79
chr7	49166945	49173422	chr7.77545	20.706140935802	0.0017077801618123	0.96062930368998	65	1382	163	1545	1	21.34	2.52	23.85
chr7	49228840	49269732	chr7.77556	1.36175311721685	0.00144320374141074	0.96782001369461	405	22506	133	22761	0.99	55.04	0.33	55.66
chr7	49589188	49677788	chr7.77561	1.49617438098419	0.00178429712478041	0.96980276523702	1386	54760	170	55129	1.56	61.81	0.19	62.22
chr7	49727270	49801800	chr7.77565	2.04557464334948	0.000859018871368531	0.956120850664162	1149	39661	894	40564	1.54	53.21	1.2	54.43
chr7	50890038	50896390	chr7.77610	2.42201376567136	0.00135843874957641	0.952112090680101	54	3561	21	3615	0.85	56.06	0.33	56.91
chr7	50896788	50899236	chr7.77612	1.02511244968492	0.00126538028490028	0.958	39	1693	0	1732	1.59	69.16	0	70.75
chr7	50899567	50907059	chr7.77614	0.971082252545785	0.000907071163166397	0.957789909236519	0	2258	477	2689	0	30.14	6.37	35.89
chr7	51841948	51850894	chr7.77637	0.913152856027004	0.000647905640025991	0.979822155153141	416	3310	37	3353	4.65	37	0.41	37.48
chr7	51853814	51862102	chr7.77638	2.58749553356898	0.000319045086802629	0.981	140	7791	0	7890	1.69	94	0	95.2
chr7	51862548	51928579	chr7.77639	2.2869425843931	0.000944039669764683	0.962799684996441	627	37255	1089	38431	0.95	56.42	1.65	58.2
chr7	51929097	51970976	chr7.77641	3.93774629451259	0.00113180383084042	0.976572363236944	847	19825	447	20281	2.02	47.34	1.07	48.43
chr7	52034788	52094155	chr7.77646	7.58280646990151	0.002391454630418	0.980489228022302	572	29318	511	29820	0.96	49.38	0.86	50.23
chr7	52142998	52182177	chr7.77648	7.53888098625	0.000930584087274795	0.983979325659154	301	23050	238	23204	0.77	58.83	0.61	59.23
chr7	52965169	53043658	chr7.77650	1.43475574459375	0.00153805191718731	0.986297366509956	707	47980	91	48244	0.9	61.13	0.12	61.47
chr7	53104623	53117065	chr7.77654	8.40304928940102	0.00115680726526892	0.982	159	7247	0	7247	1.28	58.25	0	58.25
chr7	53169130	53189308	chr7.77663	4.84274018258123	0.00137927334244329	0.981217266329666	246	10657	236	10912	1.22	52.81	1.17	54.08
chr7	53239490	53254830	chr7.77664	0.985520431328705	0.00194094863920286	0.981	100	11775	0	11811	0.65	76.76	0	76.99
chr7	53653582	53679898	chr7.77670	2.01553314642002	0.00165296599830437	0.97436958504332	189	14294	56	14389	0.72	54.32	0.21	54.68
chr7	54958365	55001212	chr7.77721	1.50104689312619	0.00116140704933912	0.956994375335496	348	27127	286	27317	0.81	63.31	0.67	63.75
chr7	79103627	79133389	chr7.77768	3.53569365952621	0.00118655908203125	0.954716719306498	522	18141	251	18298	1.75	60.95	0.84	61.48
chr7	79133652	79162971	chr7.77769	7.7268238734709	0.00104952171647819	0.971611548824994	522	14192	314	14711	1.78	48.41	1.07	50.18
chr7	79163487	79165261	chr7.77770	9.02422784675376	0.00164821045510455	0.972622886133033	0	0	0	0	0	0	0	0
chr7	79165798	79180370	chr7.77771	5.80691042776858	0.00117527596101787	0.971148915728795	177	5932	143	6191	1.21	40.71	0.98	42.49
chr7	79581098	79611075	chr7.77779	1.18538437893955	0.000789773814137669	0.961930746905961	1014	14106	169	14282	3.38	47.06	0.56	47.64
chr7	79611761	79628771	chr7.77780	1.09021856025815	0.000487734726851181	0.966377189888301	57	7699	218	7894	0.34	45.26	1.28	46.41
chr7	79629436	79636681	chr7.77781	1.7027366287847	0.00073539687211094	0.957229951690821	0	4390	207	4597	0	60.59	2.86	63.45
chr7	79726543	79736620	chr7.77791	4.2652482595817	0.000514056286004744	0.958728391386325	145	6318	41	6336	1.44	62.7	0.41	62.88
chr7	79742917	79762936	chr7.77793	4.68390968764903	0.000655192825902078	0.953895149607873	670	12105	295	12407	3.35	60.47	1.47	61.98
chr7	80578275	80602381	chr7.77812	3.09231601028693	0.00131870928001849	0.961490251389696	1032	11271	391	11697	4.28	46.76	1.62	48.52
chr7	80602742	80603315	chr7.77813	20.9136122702135	0.000298161082024433	0.966495636998255	0	34	0	34	0	5.93	0	5.93
chr7	80604036	80637456	chr7.77821	28.4035224346867	0.000801251100760206	0.967924057450628	248	16076	771	16754	0.74	48.1	2.31	50.13
chr7	80731892	80761603	chr7.77825	3.0743484188823	0.00163117819760333	0.959412473494666	1228	13558	403	14081	4.13	45.63	1.36	47.39
chr7	80840908	80863845	chr7.77827	1.14059403749635	0.00121365308933491	0.960282730958713	510	14137	334	14498	2.22	61.63	1.46	63.21
chr7	80904914	80912967	chr7.77834	1.39198020274678	0.00178272984160507	0.958919408915932	72	5545	0	5545	0.89	68.86	0	68.86
chr7	80913598	80965229	chr7.77835	12.8290183381483	0.00095940868911409	0.960563982878503	595	21718	713	22631	1.15	42.06	1.38	43.83
chr7	80966023	81058728	chr7.77836	2.28713008905082	0.00102749312617059	0.960963669704978	1236	41240	1231	42846	1.33	44.49	1.33	46.22
chr7	81059157	81061810	chr7.77837	5.65783907716501	0.000722990512697652	0.955721824349793	0	1562	27	1572	0	58.88	1.02	59.25
chr7	81062005	81063264	chr7.77838	6.17055206581043	0.00176347815726767	0.957	0	182	0	182	0	14.46	0	14.46
chr7	81063459	81071929	chr7.77839	7.37653596448616	0.00210224046117817	0.954597756788666	830	4540	149	4689	9.8	53.6	1.76	55.36
chr7	81072090	81094731	chr7.77840	4.44055529576059	0.0012047763470628	0.951511196501921	35	12760	103	12863	0.15	56.36	0.45	56.81
chr7	109238456	109283351	chr7.78404	1.77033185002734	0.00106661532985287	0.956389241563648	1249	23246	694	24044	2.78	51.78	1.55	53.56
chr7	109283352	109296924	chr7.78405	1.8984466758687	0.00108243861443458	0.957426760978485	98	10999	225	11219	0.72	81.04	1.66	82.66
chr7	109912693	109917645	chr7.78416	1.90886151837603	0.000553680102564103	0.953273626817447	45	2014	8	2022	0.91	40.67	0.16	40.83
chr7	131255182	131264861	chr7.79054	2.35677000251979	0.00120160097572044	0.951913317491476	967	5693	18	5761	9.99	58.82	0.19	59.52
chr7	131278384	131296832	chr7.79063	16.8513966020316	0.00105146160831305	0.953964928447528	515	9193	463	9722	2.79	49.83	2.51	52.7
chr7	131297211	131298803	chr7.79067	6.26738117322338	0.00148108076923077	0.958	0	1017	0	1017	0	63.88	0	63.88
chr7	131299076	131305427	chr7.79068	1.34122447760164	0.00107321593866171	0.961225003936388	138	4005	179	4147	2.17	63.06	2.82	65.3
chr7	131306093	131337972	chr7.79070	5.92101064250028	0.0014437126777867	0.961596756485461	1105	14839	868	15875	3.47	46.55	2.72	49.8
chr7	131478258	131504919	chr7.79071	0.984161295565712	0.001029566593662	0.953649638048085	108	11683	1416	12686	0.41	43.82	5.31	47.58
chr7	131633712	131644036	chr7.79084	155.397304774435	0.00077210541440142	0.953268113134444	137	4117	429	4507	1.33	39.88	4.16	43.66
chr7	144708356	144713418	chr7.79357	0.963997121214435	0.00103908227727489	0.97751698933228	27	1687	0	1687	0.53	33.33	0	33.33
chr7	144789935	144857819	chr7.79363	1.14992817722714	0.00135526933429812	0.972636747981852	805	33462	1615	34911	1.19	49.29	2.38	51.43
chr7	144858435	144882556	chr7.79367	1.66664503836767	0.00123149005462507	0.974650346171386	114	8576	1148	9759	0.47	35.55	4.76	40.46
chr7	144921583	145122509	chr7.79369	3.10480019661921	0.00114867766350211	0.961886231747011	3244	123484	3024	126367	1.61	61.46	1.51	62.89
chr7	145123245	145153469	chr7.79370	1.8388124856126	0.00122274224092583	0.974848994176813	253	12448	765	13042	0.84	41.19	2.53	43.15
chr7	145154025	145167046	chr7.79371	6.93554077019312	0.00124001285848814	0.983653636433454	108	5403	0	5481	0.83	41.49	0	42.09
chr7	145167509	145192684	chr7.79372	6.69740675476431	0.000951131409028727	0.98275857000993	36	15467	805	16308	0.14	61.44	3.2	64.78
chr7	145193067	145207302	chr7.79382	18.1530595585133	0.00120209888798038	0.979671654373024	0	8995	151	9146	0	63.19	1.06	64.25
chr7	145208146	145215371	chr7.79383	13.175904500359	0.000798722142103412	0.983651211072664	127	5015	28	5043	1.76	69.41	0.39	69.8
chr7	145393727	145427274	chr7.79396	2.95840953266122	0.000858037664027763	0.987	364	24076	66	24142	1.09	71.77	0.2	71.96
chr7	145694521	145743945	chr7.79426	1.07852799226652	0.00114320839604495	0.981169755584331	917	28779	221	29185	1.86	58.23	0.45	59.05
chr7	145744425	145793772	chr7.79427	3.94779415447749	0.00100980276192441	0.985027884167224	587	21399	838	22289	1.19	43.36	1.7	45.17
chr7	148213475	148240616	chr7.79436	1.45569577219814	0.00113667825055987	0.975961202608599	292	18302	387	18499	1.08	67.43	1.43	68.16
chr7	148241577	148257977	chr7.79437	5.81774445606243	0.000907591157415514	0.975596890243903	58	13215	377	13521	0.35	80.58	2.3	82.45
chr7	148258130	148262511	chr7.79438	8.40041517900264	0.000546697181252048	0.976	0	3142	0	3142	0	71.72	0	71.72
chr7	148263040	148277268	chr7.79439	3.11227988422481	0.000625263817508711	0.976	65	9809	371	10104	0.46	68.94	2.61	71.01
chr7	148277385	148277845	chr7.79440	0.92222144285293	0.000239167029972752	0.976	0	56	0	56	0	12.17	0	12.17
chr7	148277909	148284774	chr7.79442	0.936868484013149	0.000964104257690593	0.976	121	3566	42	3612	1.76	51.94	0.61	52.61
chr7	148286192	148287656	chr7.79443	0.95881054956445	0.000826665637065637	0.976	79	0	98	177	5.4	0	6.69	12.09
chr7	148312952	148318267	chr7.79444	6.36130895571442	0.00172683082542001	0.966889934148636	300	3227	0	3485	5.64	60.71	0	65.57
chr7	148318821	148334271	chr7.79445	4.02191092962095	0.00126336773889982	0.963221359223301	105	7149	380	7552	0.68	46.27	2.46	48.88
chr7	148334739	148345057	chr7.79446	12.4114059618008	0.00107245206491813	0.964	1201	6783	239	6974	11.64	65.74	2.32	67.59
chr7	148345194	148347679	chr7.79447	17.9174942657494	0.00138197237376669	0.963376659959759	585	1216	13	1244	23.54	48.93	0.52	50.06
chr7	149053820	149066811	chr7.79537	2.99422842093569	0.00171014535653288	0.952	112	11286	0	11286	0.86	86.88	0	86.88
chr7	149067226	149072791	chr7.79540	4.9151236433019	0.00245356856904232	0.952	0	4216	40	4235	0	75.76	0.72	76.1
chr7	149073204	149074540	chr7.79541	13.2871065955679	0.000394388012958963	0.952	0	1108	0	1108	0	82.93	0	82.93
chr7	149074973	149087387	chr7.79542	65.8844396297227	0.000554286116367077	0.952	171	9767	28	9795	1.38	78.68	0.23	78.9
chr7	149088111	149095294	chr7.79543	70.5674626183129	0.000751423533366952	0.952581372685507	261	4413	267	4649	3.63	61.44	3.72	64.72
chr7	149098547	149099466	chr7.79544	1.39323347157489	0.00105033724137931	0.958	70	423	0	465	7.62	46.03	0	50.6
chr7	149100107	149104073	chr7.79545	1.18613489920932	0.000578118845742786	0.958	404	1966	0	2251	10.19	49.57	0	56.76
chr7	149439333	149441589	chr7.79586	41.0452211358847	0.000538857727873184	0.950960106382979	60	870	0	875	2.66	38.56	0	38.79
chr7	154880797	154884823	chr7.79596	9.95034347774581	0.00104266767801858	0.958	235	1405	0	1597	5.84	34.9	0	39.67
chr7	154898505	154905107	chr7.79598	29.9544276795776	0.0014127080584277	0.974102696152681	120	1424	142	1566	1.82	21.57	2.15	23.72
chr7	154990165	154993228	chr7.79608	5.31669701361624	0.000534756995460173	0.988	0	1204	15	1204	0	39.31	0.49	39.31
chr7	154993235	154995779	chr7.79609	3.39609618227513	0.00178185865114412	0.988	0	488	0	488	0	19.18	0	19.18
chr7	154996899	154998717	chr7.79612	1.1403042078019	0.000515564464993395	0.988	313	1374	0	1391	17.22	75.58	0	76.51
chr7	155000711	155005021	chr7.79616	6.41438008023174	0.00323497697902098	0.988	0	787	0	787	0	18.26	0	18.26
chr7	155005484	155006217	chr7.79620	11.0303789147174	0.00341634502046385	0.988	0	0	0	0	0	0	0	0
chr7	155006860	155014336	chr7.79622	18.3731346415463	0.000771315364422483	0.988	37	2797	0	2797	0.49	37.41	0	37.41
chr7	155015474	155022390	chr7.79630	31.2629769221976	0.00194238368885325	0.988	284	1793	102	1928	4.11	25.93	1.47	27.88
chr7	155025215	155035748	chr7.79632	4.25142410657095	0.00156757673098751	0.988	292	6954	0	7012	2.77	66.02	0	66.57
chr7	155036480	155037447	chr7.79638	11.2183400716658	0.00111598128231644	0.988	0	38	26	64	0	3.93	2.69	6.62
chr7	155038056	155039056	chr7.79639	6.34344845229919	0.0010977016	0.988	0	697	0	697	0	69.7	0	69.7
chr7	155039833	155043618	chr7.79645	5.80422782690407	0.00113497522585129	0.988	0	1859	0	1859	0	49.11	0	49.11
chr7	155044182	155054807	chr7.79646	6.86205744088491	0.00170870691985838	0.988	413	3208	115	3366	3.89	30.19	1.08	31.68
chr7	155055039	155057996	chr7.79647	7.98541393386874	0.00371188497547927	0.988	436	729	0	797	14.74	24.65	0	26.95
chr7	155102453	155103123	chr7.79651	1.02033045921631	0.00116448107344633	0.964	0	298	0	298	0	44.48	0	44.48
chr7	155103668	155104596	chr7.79653	1.23073069307031	0.00360068243534483	0.967077586206897	0	51	0	51	0	5.5	0	5.5
chr7	155105253	155120210	chr7.79654	2.57696343937052	0.00218443997925311	-1	865	8265	8	8544	5.78	55.26	0.05	57.12
chr7	155326557	155334409	chr7.79655	1.48886881701657	0.00118136105592598	0.982	117	2333	85	2418	1.49	29.71	1.08	30.79
chr7	155334766	155336166	chr7.79657	5.43426437659994	0.000827609062742061	0.982	72	91	0	98	5.14	6.5	0	7
chr7	155336561	155337780	chr7.79658	6.99469288568259	0.00168419155045119	0.981465955701394	0	0	0	0	0	0	0	0
chr7	155338159	155338525	chr7.79660	7.54507438502524	0	0.979270491803279	0	0	279	279	0	0	76.23	76.23
chr7	155338638	155342149	chr7.79661	4.64154407159825	0.00134772567221511	0.981228424950157	0	662	2	664	0	18.86	0.06	18.91
chr7	155342301	155342744	chr7.79663	1.62832640779808	0.000298206496519722	0.981	0	140	125	265	0	31.6	28.22	59.82
chr7	155343283	155349658	chr7.79664	1.43107738663049	0.00168528348822131	0.981962196078431	33	3795	114	3909	0.52	59.53	1.79	61.32
chr7	155350174	155357089	chr7.79665	14.0511351234368	0.000843111003410519	0.981696167751265	70	3052	63	3115	1.01	44.14	0.91	45.05
chr7	155357316	155366263	chr7.79666	30.6012700528113	0.0014533696313983	0.982	245	3563	17	3626	2.74	39.82	0.19	40.53
chr7	155366706	155369244	chr7.79668	34.3803035729855	0.00111702900763359	0.982	0	1911	0	1911	0	75.3	0	75.3
chr7	155369396	155372011	chr7.79669	24.8740910897688	0.000726511912225705	0.982	535	1126	0	1489	20.46	43.06	0	56.94
chr7	155372317	155394714	chr7.79671	6.10085385289244	0.0010782482432654	0.963371522971827	1376	9810	310	10849	6.14	43.8	1.38	48.44
chr7	155585535	155592677	chr7.79678	110.017257643503	0.000543722091194969	0.960523942873145	762	1528	71	1689	10.67	21.39	0.99	23.65
chr7	155610551	155652100	chr7.79681	5.0162312816325	0.00152368074474857	0.98290529254615	1278	14625	679	15882	3.08	35.2	1.63	38.22
chr7	155652281	155662546	chr7.79682	795.255681818333	0.00146254725397893	0.987518460789089	771	2955	176	3152	7.51	28.79	1.71	30.71
chr7	155662909	155685183	chr7.79684	110.815061564984	0.00185868064212566	0.988551135853461	2025	8378	408	9082	9.09	37.61	1.83	40.77
chr7	155685472	155694554	chr7.79685	4.16705549804481	0.00166141036540981	0.994	310	4220	155	4456	3.41	46.47	1.71	49.06
chr7	155694847	155696824	chr7.79686	2.48653665444648	0.00149756609963548	0.994	0	797	0	797	0	40.31	0	40.31
chr7	155730498	155733177	chr7.79689	1.50020251987076	0.0027295532382421	0.994	31	1397	0	1397	1.16	52.15	0	52.15
chr7	155733613	155734762	chr7.79690	2.46727861963658	0.00201756544821584	0.994	0	60	0	60	0	5.22	0	5.22
chr7	155734883	155735090	chr7.79691	2.67098455486239	0.00643208897637795	0.994	0	103	0	103	0	49.76	0	49.76
chr7	155735196	155737387	chr7.79692	2.16485480856055	0.000654215518028298	0.993754450022821	0	536	44	580	0	24.46	2.01	26.47
chr7	155737667	155739552	chr7.79693	1.26584427068495	0.00132421041902605	0.994	221	1205	0	1205	11.72	63.93	0	63.93
chr7	155767772	155772818	chr7.79697	37.9017410708168	0.00168712036874451	0.994	62	1632	163	1795	1.23	32.34	3.23	35.57
chr7	155773001	155782823	chr7.79698	19.7924068421127	0.00165709518796992	0.994	1200	2021	0	2329	12.22	20.58	0	23.71
chr7	155786274	155790107	chr7.79700	1.66625022576872	0.000688793265993266	0.993971301852335	34	1759	215	1978	0.89	45.89	5.61	51.6
chr7	155790386	155792996	chr7.79701	1.09279010464066	0.00130890012562814	0.994	0	0	52	52	0	0	1.99	1.99
chr7	155793087	155808793	chr7.79703	6.63815088509648	0.00160514732161324	0.994	259	9765	185	9967	1.65	62.17	1.18	63.46
chr7	155812219	155823314	chr7.79704	1.2396510777806	0.00191402485963818	0.994	506	2465	376	3150	4.56	22.22	3.39	28.39
chr7	155827270	155827735	chr7.79705	2.4188287795229	0.000569353846153846	0.994	3	464	0	464	0.65	99.78	0	99.78
chr7	155828589	155849170	chr7.79706	1.65926799807954	0.0014081078165527	0.994	1357	6000	294	7058	6.59	29.15	1.43	34.29
chr7	155851229	155852051	chr7.79707	5.04204342272529	0.000345558102766798	0.994	128	0	58	186	15.57	0	7.06	22.63
chr7	155852585	155855438	chr7.79708	84.5752599889224	0.000512662375296912	0.993109008061689	454	1000	107	1174	15.91	35.05	3.75	41.15
chr7	155856312	155870686	chr7.79709	1.87363154762415	0.00169891763618833	0.992889870599694	180	5435	713	6139	1.25	37.81	4.96	42.71
chr7	155870861	155872764	chr7.79710	2.47635435639209	0.00375553597213426	0.994	203	306	0	362	10.67	16.08	0	19.02
chr7	155872939	155887166	chr7.79711	0.979104689425835	0.0016697323757764	0.994	165	7593	157	7805	1.16	53.37	1.1	54.86
chr7	155887817	155893849	chr7.79712	1.21303624479197	0.0015684427674153	0.994	0	1003	150	1153	0	16.63	2.49	19.11
chr7	155894597	155938750	chr7.79713	4.66051582399805	0.00184310717258962	0.993851946640092	1869	17935	876	20173	4.23	40.62	1.98	45.69
chr7	155964618	156008024	chr7.79717	5.84393360251723	0.00113271171863194	0.992963622540663	784	11741	1283	13485	1.81	27.05	2.96	31.07
chr7	156008851	156016157	chr7.79720	1.45662648076961	0.00140337271676301	0.993414590747331	465	1291	256	1958	6.36	17.67	3.5	26.8
chr7	156016246	156017657	chr7.79721	4.62609265481512	0.00117971481218994	0.993537916371368	158	524	119	647	11.2	37.14	8.43	45.85
chr7	156017941	156018308	chr7.79722	2.49683753058591	0.0023788583106267	0.994	0	43	0	43	0	11.72	0	11.72
chr7	156028877	156031806	chr7.79726	17.4976004477012	0.000942569617105917	0.994	600	742	161	1046	20.48	25.33	5.5	35.71
chr7	156032267	156057599	chr7.79727	11.031117165791	0.00161836430890789	0.994	317	14861	9	14861	1.25	58.66	0.04	58.66
chr7	156060000	156111406	chr7.79728	39.0525194447288	0.000851240519963276	0.99291627436486	1099	33031	1433	34696	2.14	64.26	2.79	67.49
chr7	156112271	156113073	chr7.79734	2.66001475976126	0.000971787368421053	0.988961346633417	0	295	0	295	0	36.78	0	36.78
chr7	156113573	156124138	chr7.79735	2.08851117177532	0.00121548018408942	0.990244959772835	608	4281	384	5185	5.75	40.52	3.63	49.08
chr7	156125084	156159387	chr7.79736	2.39426671303599	0.00153416839363448	0.990335364253855	1761	11247	620	12006	5.13	32.79	1.81	35
chr7	156696129	156698829	chr7.79743	NA	0.000712717859624739	0.951	142	1525	0	1574	5.26	56.48	0	58.3
chr7	156699214	156699758	chr7.79744	NA	0.000261233139534884	0.951	0	518	0	518	0	95.22	0	95.22
chr7	156699962	156700891	chr7.79747	NA	0.0011448648267009	0.951255113024758	0	131	20	151	0	14.1	2.15	16.25
chr7	156701251	156733598	chr7.79751	NA	0.00118992405996252	0.956710854175039	910	19347	976	20602	2.81	59.81	3.02	63.69
chr7	156734927	156737414	chr7.79754	NA	0.00147078553719008	0.958	0	404	0	404	0	16.24	0	16.24
chr7	156738339	156740891	chr7.79755	NA	0.000813430642023346	0.958	30	2015	48	2015	1.18	78.96	1.88	78.96
chr7	156741044	156742415	chr7.79756	NA	0.000204443249427918	0.958	22	673	33	700	1.6	49.09	2.41	51.06
chr7	156766733	156774603	chr7.79757	NA	0.00129155552582285	0.960993900889453	384	7594	0	7594	4.88	96.49	0	96.49
chr7	156777398	156783184	chr7.79759	NA	0.00151532889319448	0.964	140	1163	107	1293	2.42	20.1	1.85	22.35
chr7	156783679	156784079	chr7.79761	NA	0.0103213673469388	0.964	0	286	0	286	0	71.5	0	71.5
chr7	156784437	156784647	chr7.79763	NA	0.000427015384615385	0.964	0	0	0	0	0	0	0	0
chr7	156815919	156833738	chr7.79764	NA	0.00105886429535865	0.967885347101409	100	10529	1033	11566	0.56	59.09	5.8	64.91
chr7	156834309	156849638	chr7.79765	NA	0.000952756817288802	0.968547328592863	1029	8667	128	8784	6.71	56.54	0.84	57.3
chr7	156850152	156850402	chr7.79766	NA	0	0.95916	0	0	77	77	0	0	30.8	30.8
chr7	157078808	157080268	chr7.79784	NA	0.00118634596774194	0.95713698630137	0	589	0	589	0	40.34	0	40.34
chr7	157094737	157110719	chr7.79789	NA	0.00104210019710907	0.964	1292	11901	0	11977	8.08	74.47	0	74.94
chr7	157122526	157128074	chr7.79790	NA	0.000873786446601942	0.958	168	3598	77	3718	3.03	64.85	1.39	67.02
chr7	157210133	157210431	chr7.79791	NA	0	0.982	109	120	0	120	36.58	40.27	0	40.27
chr7	157210607	157212840	chr7.79793	NA	0.00233510979192166	0.982	356	739	0	845	15.94	33.09	0	37.84
chr7	157213356	157215535	chr7.79794	NA	0.00227046462093863	0.982	34	965	0	978	1.56	44.29	0	44.88
chr7	157217395	157218734	chr7.79795	NA	0.0019797822528363	0.982	151	94	0	235	11.28	7.02	0	17.55
chr7	157219002	157219428	chr7.79796	NA	0.0022109237804878	0.982	0	0	0	0	0	0	0	0
chr7	157219892	157223314	chr7.79797	NA	0.000635217936583057	0.982	660	958	0	958	19.29	28	0	28
chr7	157223422	157229177	chr7.79798	NA	0.00264948770283976	0.982	586	1824	69	1978	10.18	31.69	1.2	34.37
chr7	157229503	157233687	chr7.79799	NA	0.00289174356811472	0.982	1177	1278	0	1926	28.13	30.54	0	46.03
chr7	157235623	157258924	chr7.79800	NA	0.00248156084056037	0.982	1152	13464	463	14176	4.94	57.78	1.99	60.84
chr7	157292410	157292946	chr7.79801	NA	0.000325299365750529	0.982	28	91	0	91	5.22	16.98	0	16.98
chr7	157293234	157293589	chr7.79802	NA	0	0.982	0	83	0	83	0	23.38	0	23.38
chr7	157296349	157305987	chr7.79804	NA	0.00123948232168404	0.982	535	7492	42	7575	5.55	77.73	0.44	78.6
chr7	157310810	157311420	chr7.79805	NA	0.00115819417249417	0.982	176	182	0	182	28.85	29.84	0	29.84
chr7	157311866	157318356	chr7.79806	NA	0.00118397565982405	0.976892141756548	629	1456	19	1684	9.69	22.43	0.29	25.95
chr7	157318925	157331745	chr7.79808	NA	0.00130888614485341	0.976	154	8733	113	8846	1.2	68.12	0.88	69
